Action: 0
[0.3631729042446024, 0.04235515260420922, 0.33931483024313214, 0.03957269732364072, 0.09981242070298672, 0.011640654523673391, 0.09325540036483433, 0.010875939992921125]
[0.39201045495385123, 0.013517601894960386, 0.3662579433145471, 0.012629584252225762, 0.10773797271910478, 0.0037151025075553372, 0.10066029567916361, 0.0034710446785918485]
[0.387085078187119, 0.04514391730718261, 0.3154026563006155, 0.036783932620667315, 0.10638430956798302, 0.012407103100980652, 0.08668351149983802, 0.010109491415613864]
[0.41782136231115824, 0.014407633183143387, 0.34044703595724, 0.01173955296404276, 0.11483169891333156, 0.003959713755632122, 0.09356656948493682, 0.0032264334305150627]
[0.36298049475890987, 0.04233271278825996, 0.33913506079664574, 0.03955173165618449, 0.10000483018867924, 0.011663094339622643, 0.09343516981132075, 0.010896905660377359]
[0.3918027672955975, 0.013510440251572328, 0.3660638993710692, 0.012622893081761007, 0.10794566037735849, 0.003722264150943396, 0.10085433962264151, 0.0034777358490566037]
[0.38688, 0.04512, 0.3152355555555556, 0.036764444444444454, 0.10658938775510203, 0.012431020408163265, 0.08685061224489796, 0.010128979591836736]
[0.41759999999999997, 0.0144, 0.3402666666666667, 0.011733333333333335, 0.11505306122448979, 0.00396734693877551, 0.09374693877551021, 0.0032326530612244897]

Action: 1
[0.3789437585733882, 0.14574759945130317, 0.022290809327846363, 0.008573388203017833, 0.30315500685871055, 0.11659807956104253, 0.01783264746227709, 0.006858710562414266]
[0.4372427983539095, 0.08744855967078188, 0.0257201646090535, 0.005144032921810699, 0.3497942386831276, 0.0699588477366255, 0.0205761316872428, 0.004115226337448559]
[0.367798353909465, 0.14146090534979425, 0.03343621399176955, 0.01286008230452675, 0.294238683127572, 0.11316872427983539, 0.026748971193415638, 0.0102880658436214]
[0.42438271604938277, 0.08487654320987655, 0.038580246913580245, 0.007716049382716049, 0.3395061728395062, 0.06790123456790123, 0.030864197530864196, 0.006172839506172839]
[0.511574074074074, 0.19675925925925924, 0.03009259259259259, 0.011574074074074073, 0.17052469135802467, 0.06558641975308642, 0.010030864197530864, 0.0038580246913580245]
[0.5902777777777778, 0.11805555555555554, 0.034722222222222224, 0.006944444444444444, 0.19675925925925927, 0.039351851851851846, 0.011574074074074073, 0.0023148148148148147]
[0.4965277777777778, 0.19097222222222224, 0.04513888888888889, 0.017361111111111112, 0.16550925925925924, 0.06365740740740741, 0.015046296296296295, 0.005787037037037037]
[0.5729166666666667, 0.11458333333333333, 0.052083333333333336, 0.010416666666666666, 0.1909722222222222, 0.03819444444444444, 0.017361111111111112, 0.003472222222222222]

