Action: 0
[0.18803110905777876, 0.05808171343999618, 0.2948969528763785, 0.09109194960941647, 0.10943858866004694, 0.033804942052845385, 0.1716370577435793, 0.0530176865599583]
[0.17338743690183545, 0.07272538559593954, 0.2719306771396259, 0.11405822534616916, 0.10091562231911864, 0.04232790839377369, 0.15827013768443438, 0.06638460661910325]
[0.1452833355815473, 0.04487717541601738, 0.3376447263526099, 0.10429648763339525, 0.08455836527020025, 0.02611958608970997, 0.19651728113342595, 0.060703042523093706]
[0.13396881668816388, 0.05619169430940081, 0.31134929735329736, 0.13059191663270786, 0.07797304550442243, 0.03270490585548781, 0.1812127144991306, 0.07600760915738912]
[0.22450545748248502, 0.06934842703717753, 0.3521011796795722, 0.10876200179061533, 0.07296424023534064, 0.02253822845566402, 0.11443283094038562, 0.035347634378759436]
[0.2070212000472786, 0.08683268447238403, 0.32467989675045766, 0.13618328471972996, 0.06728185917367548, 0.028220609517329187, 0.10552091807360262, 0.04425954724554245]
[0.1734654541089478, 0.05358246753838369, 0.4031411830531094, 0.12452796128940917, 0.05637624674279978, 0.01741429396734366, 0.13102082443292648, 0.040471568867079796]
[0.15995614039441391, 0.06709178125291758, 0.3717449564033223, 0.1559241879391964, 0.0519857217981724, 0.021804818911971044, 0.12081705544910569, 0.050675337850900594]

Action: 1
[0.04519647605269936, 0.0653653416072479, 0.0013751686216849507, 0.0019888357362019705, 0.3515219785714351, 0.5083881801976288, 0.010695568260684697, 0.01546845095241753]
[0.0664621085670555, 0.04409970909289174, 0.0020222064686163652, 0.0013417978892705559, 0.516918440196081, 0.3429917185729827, 0.015727996538914317, 0.010436022674187907]
[0.045260725040799914, 0.06545826161831726, 0.001310919633584388, 0.001895915725132602, 0.35202168415449847, 0.5091108787129267, 0.010195862677621357, 0.014745752437119602]
[0.06655658768568157, 0.0441623989734356, 0.0019277273499903008, 0.0012791080087266888, 0.5176532648906964, 0.34347929797672855, 0.014993171844298865, 0.009948443270442092]
[0.06598490197077989, 0.09543057412732052, 0.0020076867627770397, 0.002903614231699221, 0.3307335526533545, 0.47832294767755607, 0.010063050119592607, 0.01455367245692028]
[0.09703180649427123, 0.06438366960382916, 0.0029523340589815393, 0.001958966935494721, 0.4863487422688652, 0.32270775806204527, 0.014797868948549142, 0.00981885362796374]
[0.0660787027170282, 0.09556623332814819, 0.0019138860165287216, 0.0027679550308715517, 0.33120370647827013, 0.47900290700309567, 0.009592896294677024, 0.013873713131380654]
[0.09716974192475829, 0.06447519412041809, 0.0028143986284944935, 0.0018674424189057794, 0.4870401106516197, 0.323166502829746, 0.014106500565794673, 0.009360108860263002]

