Action: 0
[0.13610899302666163, 0.15078827678705997, 0.16794538912554022, 0.1860582115658723, 0.07626237248480289, 0.08448722949866917, 0.09410042303441508, 0.1042491044769787]
[0.22707156427266792, 0.059825705541053764, 0.28018444169701656, 0.07381915899439594, 0.12722903777472602, 0.03352056420874604, 0.15698837954784406, 0.04136114796354973]
[0.1331121312072174, 0.14746820498670232, 0.17094225094498425, 0.18937828336623, 0.07458321971702689, 0.08262698098249974, 0.0957795758021911, 0.10610935299314818]
[0.22207187919589355, 0.058508456998026453, 0.28518412677379096, 0.07513640753742325, 0.1244276957241167, 0.032782504975409896, 0.15978972159845337, 0.042099207196885875]
[0.10747046933300136, 0.11906110328099714, 0.13260820898219294, 0.14690993501308428, 0.10490089617846296, 0.11621440300473201, 0.1294376031777624, 0.1433973810297668]
[0.1792937192605795, 0.047237853353419214, 0.22123118230023933, 0.0582869616950378, 0.17500688278681437, 0.046108416396380594, 0.21594163894462126, 0.056893345262907846]
[0.10510417347627804, 0.11643960365287333, 0.1349745048389165, 0.1495314346412081, 0.10259117744796646, 0.11365558231632872, 0.13174732190825889, 0.1459562017181701]
[0.1753460116935057, 0.046197765435645646, 0.22517888986731313, 0.05932704961281138, 0.17115356322650446, 0.0450931965377907, 0.21979495850493116, 0.05790856512149774]

Action: 1
[0.1111111111111111, 0.2222222222222222, 0.05555555555555555, 0.1111111111111111, 0.1111111111111111, 0.2222222222222222, 0.05555555555555555, 0.1111111111111111]
[0.16666666666666666, 0.16666666666666666, 0.08333333333333333, 0.08333333333333333, 0.16666666666666666, 0.16666666666666666, 0.08333333333333333, 0.08333333333333333]
[0.08333333333333333, 0.16666666666666666, 0.08333333333333333, 0.16666666666666666, 0.08333333333333333, 0.16666666666666666, 0.08333333333333333, 0.16666666666666666]
[0.125, 0.125, 0.125, 0.125, 0.125, 0.125, 0.125, 0.125]
[0.07407407407407386, 0.14814814814814817, 0.03703703703703704, 0.07407407407407408, 0.14814814814814817, 0.29629629629629634, 0.07407407407407408, 0.14814814814814817]
[0.1111111111111111, 0.1111111111111111, 0.05555555555555555, 0.05555555555555555, 0.2222222222222222, 0.2222222222222222, 0.1111111111111111, 0.1111111111111111]
[0.05555555555555534, 0.11111111111111112, 0.05555555555555556, 0.11111111111111112, 0.11111111111111112, 0.22222222222222224, 0.11111111111111112, 0.22222222222222224]
[0.08333333333333312, 0.08333333333333334, 0.08333333333333334, 0.08333333333333334, 0.16666666666666669, 0.16666666666666669, 0.16666666666666669, 0.16666666666666669]

