Action: 0
[0.249275740491946, 0.06529828850386156, 0.24719508880858201, 0.0647532575528825, 0.1485963073336363, 0.03892510569913951, 0.14735600550408318, 0.03860020610586904]
[0.24323991897258532, 0.0713341100232221, 0.2412096470100077, 0.07073869935145691, 0.14499828055521083, 0.04252313247756505, 0.1437880106912976, 0.04216820091865466]
[0.2140916673730761, 0.056081748808811914, 0.28237916192745177, 0.07396979724793216, 0.12762265248819168, 0.033431014046355886, 0.16832966034952782, 0.04409429775865267]
[0.20890777306191696, 0.06126564311997109, 0.27554179292067604, 0.08080716625470791, 0.12453246990273074, 0.03652119663181686, 0.16425382134377767, 0.04817013676440284]
[0.27705642085932825, 0.07257549437188107, 0.2747438897349193, 0.07196972212850991, 0.12081562696625396, 0.031647899831120006, 0.11980720457774596, 0.03138374153024164]
[0.2703479336884566, 0.07928398154275268, 0.2680913968822166, 0.07862221498121261, 0.11789026583933951, 0.034573260958034445, 0.11690626081908866, 0.03428468528889895]
[0.2379512381795805, 0.06233181203207918, 0.31384907241466703, 0.08221340446831177, 0.10376308168168738, 0.027180950823088596, 0.13685974986231247, 0.035850690538273035]
[0.2321896217417819, 0.06809342846987772, 0.3062497088288913, 0.08981276805408757, 0.10125062122286577, 0.029693411281910224, 0.13354590543556238, 0.03916453496502317]

Action: 1
[0.0695145638918237, 0.08729801755143388, 0.020239380868050244, 0.02541708855425939, 0.2738197066776525, 0.3438692012320279, 0.07972345681763894, 0.10011858440711335]
[0.10454172096217172, 0.05227086048108586, 0.03043764628153976, 0.01521882314076988, 0.4117926052731203, 0.20589630263656014, 0.11989469414983486, 0.05994734707491743]
[0.06929703467901292, 0.08702483927087303, 0.020456910080861052, 0.025690266834820265, 0.2729628533520909, 0.34279314475600253, 0.08058031014320056, 0.10119464088313883]
[0.1042145826332573, 0.05210729131662865, 0.030764784610454208, 0.015382392305227104, 0.41050399873872895, 0.20525199936936447, 0.12118330068422625, 0.060591650342113126]
[0.07720025980796279, 0.0969498945023735, 0.022477095070283167, 0.028227262462645217, 0.2661340107615133, 0.33421732428108836, 0.07748574261540604, 0.09730841049872756]
[0.11610010287355765, 0.05805005143677883, 0.033802905021952254, 0.016901452510976127, 0.40023422336173436, 0.20011711168086718, 0.11652943540942237, 0.058264717704711186]
[0.07695868004676434, 0.0966465129798193, 0.022718674831481822, 0.0285306439851994, 0.2653012079843395, 0.33317147104705624, 0.07831854539257979, 0.09835426373275967]
[0.11573679535105576, 0.05786839767552788, 0.03416621254445415, 0.017083106272227075, 0.39898178602093043, 0.19949089301046521, 0.11778187275022631, 0.058890936375113154]

