Action: 0
[0.1149364202915822, 0.05268055461233018, 0.302884130970817, 0.13882548249142657, 0.07369217804313338, 0.03377645484394097, 0.19419598460885665, 0.08900879413791314]
[0.1155539028203381, 0.052063072083574295, 0.30451134068064983, 0.13719827278159374, 0.07408808068506503, 0.03338055220200933, 0.19523927991374185, 0.08796549883302798]
[0.14679969810278384, 0.06728493451734617, 0.2710208531596153, 0.12422110258641055, 0.09412151049966946, 0.043140140970929386, 0.1737666521523205, 0.0796451080109247]
[0.1475883623797393, 0.06649627024039073, 0.2724768811212486, 0.12276507462477729, 0.09462716735035456, 0.042634484120244294, 0.17470019324845226, 0.07871156691479299]
[0.12671606579077374, 0.05807969838642506, 0.3339262295598943, 0.1530534788554563, 0.061912532543941835, 0.02837731106984608, 0.1631538860197793, 0.07478079777388338]
[0.12739683309273064, 0.05739893108446817, 0.33572020932821733, 0.15125949908713338, 0.06224515041267248, 0.028044693201115446, 0.16403041126617435, 0.07390427252748835]
[0.16184495876648125, 0.07418085727220426, 0.29879733658418683, 0.1369523199696771, 0.07907624983597204, 0.036244218216071294, 0.14599016872774906, 0.06691389062765815]
[0.16271445195368853, 0.07331136408499703, 0.3004025904672595, 0.13534706608660452, 0.07950107777640535, 0.035819390275638005, 0.14677448390244144, 0.06612957545296577]

Action: 1
[0.05864260569282475, 0.10744028726605283, 0.027704042382489875, 0.050757128487723555, 0.18116123486905203, 0.33190911089043484, 0.08558450753648059, 0.15680108287494163]
[0.06333061883026742, 0.10275227412861018, 0.029918761751026937, 0.0485424091191865, 0.1956436446976686, 0.31742670106181836, 0.09242631292613558, 0.14995927748528665]
[0.05854262196621437, 0.10725710508678167, 0.027804026109100263, 0.050940310666994705, 0.18085236088288528, 0.3313432167012067, 0.08589338152264733, 0.15736697706416974]
[0.06322264219443441, 0.10257708485856165, 0.030026738386859934, 0.04871759838923505, 0.19531007867594413, 0.31688549890814793, 0.09275987894786003, 0.15050047963895707]
[0.049877969132983674, 0.09138242185153743, 0.023563437444284213, 0.043171043613761596, 0.18992587142889306, 0.34796697630495016, 0.08972511247468624, 0.16438716774890358]
[0.053865318804811047, 0.08739507217971007, 0.02544714815251471, 0.041287332905531104, 0.2051089447231249, 0.33278390301071836, 0.0968979265246478, 0.15721435369894204]
[0.04979292882533097, 0.0912266178081213, 0.02364847775193691, 0.04332684765717772, 0.18960205402376865, 0.347373703979867, 0.09004892987981065, 0.16498044007398668]
[0.05377348019625104, 0.08724606643720124, 0.025538986761074706, 0.04143633864803993, 0.20475924067412746, 0.33221651732950824, 0.09724763057364523, 0.15778173938015214]

