Action: 0
[0.07536288419039835, 0.03570927361657381, 0.13379180549616834, 0.06339471002792105, 0.169116479118418, 0.08013263678515883, 0.30023265860213627, 0.14225955216322522]
[0.07423451447530861, 0.03683764333166357, 0.1317886095851991, 0.06539790593889032, 0.16658438503245226, 0.08266473087112462, 0.29573742937773917, 0.14675478138762232]
[0.1396385144911357, 0.06616506221787045, 0.06951617519543102, 0.032938921426624426, 0.3133528417039507, 0.14847630213657526, 0.15599629601660361, 0.07391588681180883]
[0.13754777881263056, 0.06825579789637563, 0.06847534524787718, 0.03397975137417826, 0.308661170724072, 0.15316797311645397, 0.15366064368611945, 0.07625153914229299]
[0.163137244296533, 0.07729948974512503, 0.28961771689841254, 0.1372298633211076, 0.08134211901228339, 0.03854242065660763, 0.14440674719989205, 0.06842439887003868]
[0.1606946742191678, 0.07974205982249025, 0.28528141973818205, 0.14156616048133816, 0.08012422528859307, 0.039760314380297965, 0.14224461922475626, 0.0705865268451745]
[0.3022740264848794, 0.14322681562534, 0.15048093471006624, 0.07130253744089264, 0.15071732971020704, 0.0714145487291057, 0.07503153650196841, 0.03555227079754062]
[0.2977482329087993, 0.14775260920142017, 0.14822786104855065, 0.07355561110240826, 0.14846071662790333, 0.07367116181140945, 0.07390812788544603, 0.036675679414063016]

Action: 1
[0.06512877194726317, 0.14793166786479184, 0.032320272586346246, 0.07341136162392856, 0.13916982031542033, 0.31610643069354927, 0.06906327870007116, 0.15686839626862953]
[0.14204029320803666, 0.07102014660401833, 0.0704877561401832, 0.0352438780700916, 0.3035175006726464, 0.1517587503363232, 0.15062111664580044, 0.07531055832290022]
[0.06749901090226909, 0.15331536221935524, 0.029950033631340335, 0.06802766726936518, 0.14423464373539646, 0.32761052870670415, 0.06399845528009504, 0.14536429825547464]
[0.14720958208108287, 0.07360479104054143, 0.065318467267137, 0.0326592336335685, 0.3145634482947337, 0.15728172414736685, 0.13957516902371309, 0.06978758451185654]
[0.06406991957980225, 0.14552662026358862, 0.03179481515606112, 0.07221785233870869, 0.14022867268288122, 0.31851147829475246, 0.06958873613035628, 0.15806190555384939]
[0.13973102656226055, 0.06986551328113028, 0.06934177832984653, 0.034670889164923266, 0.3058267673184224, 0.1529133836592112, 0.1517670944561371, 0.07588354722806855]
[0.06640162359773015, 0.1508227874417202, 0.029463111138133224, 0.06692168516057713, 0.1453320310399354, 0.3301031034843392, 0.06448537777330215, 0.1464702803642627]
[0.1448162740263002, 0.0724081370131501, 0.06425653086580689, 0.032128265432903445, 0.31695675634951637, 0.15847837817475818, 0.1406371054250432, 0.0703185527125216]

