Action: 0
[0.26364318900801603, 0.07936457920666445, 0.39878700217015606, 0.12004695717498438, 0.04226354604237803, 0.01272260648968571, 0.06392789015614528, 0.019244229751970092]
[0.2401740528232322, 0.10283371539144827, 0.3632875587827962, 0.15554640056234423, 0.03850130617017601, 0.016484846361887733, 0.058237121637809475, 0.024934998270305903]
[0.29212261819768315, 0.08793774933932888, 0.3703075729804889, 0.11147378704231993, 0.046828965203582096, 0.014096935832288172, 0.059362470994941206, 0.017869900409367624]
[0.26611828432912044, 0.11394208320789162, 0.3373433272769079, 0.14443803274590086, 0.04266031830665067, 0.018265582729219597, 0.0540781095013348, 0.023154261902974028]
[0.27199720760771573, 0.08187939164443107, 0.4114233006688313, 0.1238508654680474, 0.0339095274426783, 0.01020779405191908, 0.05129159165746991, 0.01544032145890706]
[0.2477844087440504, 0.10609219050809643, 0.3747989922263459, 0.16047517391053284, 0.030890950249357806, 0.013226371245239572, 0.0467256881942597, 0.020006224922117264]
[0.3013790598110571, 0.09072421841657156, 0.38204144846548993, 0.1150060386959069, 0.037572523590208094, 0.011310466755045484, 0.047628595509940114, 0.014337648755780653]
[0.27455073086934967, 0.11755254735827904, 0.3480326701010466, 0.14901481706035022, 0.03422787176642141, 0.014655118578832163, 0.04338876667719609, 0.018577477588524675]

Action: 1
[0.049148524356209505, 0.06673781557737726, 0.0016666458825543113, 0.002263105698485778, 0.3610511719859933, 0.49026429268476784, 0.012243387915792815, 0.016625055898819407]
[0.08958508223364667, 0.026301257699940097, 0.0030378655391742797, 8.918860418658097E-4, 0.6581031548067876, 0.19321230986397353, 0.022316538036938244, 0.0065519057776739775]
[0.04893814937948846, 0.06645215152983133, 0.0018770208592753565, 0.0025487697460317, 0.3595057312449619, 0.48816576906657727, 0.013788828656824197, 0.01872357951700993]
[0.08920162291647848, 0.02618867799284132, 0.0034213248563424712, 0.0010044657489645852, 0.6552862149762221, 0.1923852853353171, 0.025133477867503726, 0.007378930306330398]
[0.20282400496914904, 0.27541073136178407, 0.006877842156868325, 0.00933928673236751, 0.20737569137305367, 0.28159137690036096, 0.007032191641478797, 0.00954887486493767]
[0.36969584340782247, 0.10853889292311066, 0.012536532139753755, 0.003680596749482082, 0.37799239363261167, 0.11097467464080295, 0.012817871436358763, 0.003763195070057704]
[0.20195583861252345, 0.27423186532342575, 0.007746008513493903, 0.010518152770725818, 0.20648804201192683, 0.2803860552729828, 0.007919841002605647, 0.010754196492315807]
[0.3681134000797765, 0.10807430385617273, 0.01411897546779971, 0.004145185816420011, 0.37637443781292396, 0.11049965947198569, 0.014435827256046483, 0.004238210238874972]

