Action: 0
[0.35126574496256524, 0.033164407697106116, 0.3822176741806389, 0.03608670346411739, 0.08632069451618964, 0.008149882949552493, 0.09392687890802322, 0.008868013321806745]
[0.3560737891499333, 0.028356363509738112, 0.38744938120874495, 0.0308549964360114, 0.08750223219662122, 0.00696834526912093, 0.09521252827932605, 0.007582363950503924]
[0.35114935292136995, 0.033153418657718536, 0.38233406622183436, 0.036097692503504974, 0.08629209212049288, 0.008147182482667792, 0.09395548130372001, 0.00887071378869145]
[0.35595580396142673, 0.028346967617661797, 0.38756736639725164, 0.030864392328087725, 0.08747323829795456, 0.006966036305206122, 0.09524152217799274, 0.007584672914418734]
[0.33691203674067266, 0.03180921653980474, 0.36659918290696236, 0.03461209906661457, 0.10067440273808227, 0.009505074106853877, 0.10954537018169976, 0.010342617719309565]
[0.34152361069325937, 0.0271976425872181, 0.3716171076427135, 0.029594174330863508, 0.10205241065329522, 0.008127066191640947, 0.11104480184535752, 0.008843186055651816]
[0.3368004008062786, 0.031798676543534146, 0.36671081884135653, 0.034622639062885166, 0.10064104423558425, 0.009501924596852191, 0.10957872868419782, 0.010345767229311255]
[0.34141044671204274, 0.02718863063777007, 0.37173027162393024, 0.02960318628031155, 0.10201859554733861, 0.008124373285097852, 0.11107861695131417, 0.008845878962194914]

Action: 1
[0.310710905948644, 0.14297193163839905, 0.09501045716633218, 0.0437185445597558, 0.2137737267502842, 0.09836681642606765, 0.06536860831029906, 0.030079009200218092]
[0.40831455382833876, 0.0453682837587043, 0.12485610155347919, 0.0138729001726088, 0.2809264888587167, 0.031214054317635187, 0.08590285575946544, 0.009544761751051716]
[0.30919022401965995, 0.14227219812846428, 0.09653113909531617, 0.044418278069690544, 0.21272747495500782, 0.09788538935901925, 0.06641486010557544, 0.030560436267266497]
[0.40631617993331187, 0.04514624221481243, 0.12685447544850606, 0.014094941716500673, 0.27955157788262436, 0.03106128643140271, 0.08727776673555775, 0.009697529637284194]
[0.2292369956905768, 0.10548215543577433, 0.07009703020723104, 0.032254766791158296, 0.2952476370083514, 0.13585659262869237, 0.09028203526940018, 0.041542786968815595]
[0.30124723601371606, 0.033471915112635114, 0.09211661729855042, 0.010235179699838936, 0.3879938066733394, 0.043110422963704376, 0.11864234001439421, 0.01318248222382158]
[0.22811506353394095, 0.10496590446250474, 0.0712189623638669, 0.03277101776442789, 0.2938026354407268, 0.1351916830249788, 0.09172703683702473, 0.04220769657252916]
[0.2997728711968011, 0.033308096799644575, 0.09359098211546532, 0.01039899801282948, 0.38609488661913505, 0.042899431846570565, 0.1205412600685985, 0.01339347334095539]

