Action: 0
[0.3524033645549584, 0.032851019274775274, 0.3935994924582888, 0.03669131970297211, 0.07970434239651475, 0.0074300337389169606, 0.08902181950960736, 0.008298608363966398]
[0.3632814958616364, 0.021972887968097248, 0.40574928270393595, 0.0245415294573249, 0.08216468866306265, 0.004969687472369057, 0.09176978147361374, 0.005550646399960015]
[0.3502042899653746, 0.032646021681121996, 0.3957985670478726, 0.036896317296625396, 0.07920696975007305, 0.007383668692386724, 0.08951919215604907, 0.008344973410496634]
[0.3610145393374721, 0.02183577230902448, 0.40801623922810026, 0.02467864511639767, 0.08165196291418057, 0.004938675528279189, 0.09228250722249581, 0.005581658344049883]
[0.32391873782961894, 0.030195684179519757, 0.36178499875696957, 0.03372557461958128, 0.10818896912185427, 0.010085368834172484, 0.12083631321092662, 0.01126435344735723]
[0.33391759401890053, 0.020196827990238145, 0.37295272618838826, 0.02255784718816256, 0.11152859050579858, 0.006745747450228164, 0.12456633798916149, 0.007534328669122356]
[0.3218974135827556, 0.030007256461532055, 0.3638063230038329, 0.033914002337568985, 0.10751384613269215, 0.01002243391197667, 0.12151143620008877, 0.011327288369553044]
[0.33183387470779446, 0.020070795336493148, 0.37503644549949433, 0.022683879841907558, 0.11083262754385827, 0.006703652500810525, 0.1252623009511018, 0.007576423618539995]

Action: 1
[0.23588595822875238, 0.08148352899736816, 0.026209550914305824, 0.009053725444152018, 0.43304212386698726, 0.14958838890689224, 0.048115791540776366, 0.016620932100765803]
[0.28563253850350845, 0.031736948722612054, 0.031736948722612054, 0.0035263276358457837, 0.5243674614964915, 0.05826305127738795, 0.05826305127738795, 0.006473672364154217]
[0.1877120365674749, 0.06484251665361103, 0.07438347257558334, 0.02569473778790915, 0.34460389079941733, 0.11903862925715078, 0.13655402460834634, 0.047170691750507275]
[0.22729909789897731, 0.02525545532210859, 0.09007038932714323, 0.010007821036349248, 0.4172782680509112, 0.0463642520056568, 0.16535224472296825, 0.01837247163588536]
[0.6020352738861657, 0.20796472611383438, 0.06689280820957398, 0.023107191790426043, 0.06689280820957398, 0.023107191790426043, 0.007432534245508221, 0.002567465754491783]
[0.7290000000000001, 0.08100000000000002, 0.08100000000000002, 0.009000000000000001, 0.08100000000000002, 0.009000000000000001, 0.009000000000000003, 0.0010000000000000002]
[0.479084334630203, 0.16549303131968562, 0.18984374746553676, 0.0655788865845748, 0.05323159273668922, 0.018388114591076178, 0.02109374971839297, 0.007286542953841643]
[0.5801196293548997, 0.06445773659498887, 0.22988037064510036, 0.025542263405011152, 0.06445773659498885, 0.007161970732776539, 0.02554226340501115, 0.002838029267223461]

