Action: 0
[0.1583563717028844, 0.07610170632026585, 0.2859231573424776, 0.13740678645420148, 0.0823843630778697, 0.039591653540139764, 0.14875054886373404, 0.07148541269842727]
[0.1625751165626687, 0.07188296146048158, 0.29354038699582596, 0.1297895568008531, 0.08457915072375911, 0.03739686589425034, 0.1527133866495504, 0.06752257491261093]
[0.19310532872150515, 0.09280109702699575, 0.25117420032385684, 0.12070739574747157, 0.10046238962529906, 0.04827945468364993, 0.13067252231630466, 0.0627976115549171]
[0.1982498145680823, 0.08765661118041858, 0.25786568899041235, 0.11401590708091609, 0.10313879086685174, 0.04560305344209726, 0.13415374650645776, 0.059316387364764]
[0.14193675777477546, 0.0682108925587989, 0.25627643200907624, 0.12315938762573361, 0.09880397700597862, 0.04748246730160669, 0.17839727419713539, 0.08573281152689512]
[0.14571807052422558, 0.06442957980934878, 0.26310384835232686, 0.11633197128248299, 0.1014361967622022, 0.044850247545383116, 0.18314992529304946, 0.08098016043098104]
[0.17308267405361005, 0.08317876122261651, 0.22513051573024156, 0.10819151896191598, 0.12048504429319407, 0.057901790488029126, 0.1567162069099199, 0.07531348834047266]
[0.17769373980126058, 0.07856769547496599, 0.2311281790752918, 0.10219385561686574, 0.12369486563367338, 0.054691969147549806, 0.16089125642157823, 0.07113843882881432]

Action: 1
[0.07125242150510668, 0.1012830006266082, 0.026064253186679442, 0.037049488509654775, 0.23111411503435197, 0.32852120059055984, 0.08454192407817299, 0.12017359646886623]
[0.08870589714340182, 0.08382952498831306, 0.03244876333264638, 0.030664978363687843, 0.2877261499829341, 0.2719091656419777, 0.10525069974002521, 0.099464820807014]
[0.07464311059598362, 0.10610275493195921, 0.022673564095802512, 0.03222973420430378, 0.2421121427791142, 0.34415453946430424, 0.07354389633341078, 0.10454025759512187]
[0.09292714480610798, 0.08781872072183487, 0.028227515669940247, 0.02667578263016605, 0.30141817472117033, 0.2848485075222481, 0.09155867500178899, 0.08652547892674366]
[0.07699307647217316, 0.10944315502339406, 0.028164194232307857, 0.04003448643319874, 0.22537346006728545, 0.3203610461937739, 0.08244198303254456, 0.11718859854532226]
[0.09585274125462773, 0.0905834902409395, 0.03506309068413676, 0.03313558998136984, 0.28057930587170815, 0.26515520038935125, 0.10263637238853483, 0.096994209189332]
[0.08065694611972671, 0.11465122660847528, 0.02450032458475432, 0.03482641484811753, 0.2360983072553711, 0.3356060677877881, 0.07171713584445896, 0.1019435769513081]
[0.1004140857989591, 0.09489408692924291, 0.03050174613980541, 0.028824993293066443, 0.2939312337283192, 0.27777314131484004, 0.08928444453192383, 0.08437626826384326]

