Action: 0
[0.12224637391643103, 0.06077131031409225, 0.15236465190033752, 0.07574375619406007, 0.17509883525072972, 0.08704540929723205, 0.21823856386423335, 0.1084910992628841]
[0.13811150088223906, 0.04490618334828421, 0.1721385271496147, 0.055969880944782884, 0.19782315143140414, 0.06432109311655759, 0.24656155139847785, 0.08016811172863958]
[0.11761785255751771, 0.05847037247204049, 0.1569931732592508, 0.07804469403611182, 0.16846920139808982, 0.08374967525441282, 0.22486819771687322, 0.11178683330570331]
[0.13288229030310142, 0.04320593472645679, 0.17736773772875233, 0.057670129566610294, 0.19033312410091066, 0.06188575255159199, 0.25405157872897133, 0.0826034522936052]
[0.17327993432918767, 0.0861411944007707, 0.21597153379312942, 0.10736410969641551, 0.1240652748379731, 0.0616755252105536, 0.1546316819714414, 0.07687074576052863]
[0.19576819365897982, 0.06365293507097854, 0.24400030630273886, 0.07933533718680605, 0.1401664586546634, 0.04557434139386328, 0.17469977224535363, 0.056802655486616394]
[0.16671916813695672, 0.08287969595797164, 0.22253229998536034, 0.11062560813921456, 0.1193678858186508, 0.05934035176848167, 0.15932907099076365, 0.07920591920260055]
[0.18835597162967121, 0.06124289246525714, 0.25141252833204747, 0.08174537979252744, 0.13485944277434084, 0.04384879481279163, 0.18000678812567616, 0.05852820206768804]

Action: 1
[0.1003735511864717, 0.09343877714784245, 0.03568814842040578, 0.03322246655275125, 0.28167740303491906, 0.2622164083929526, 0.10015133316852824, 0.09323191209612898]
[0.04811744487230379, 0.14569488346201037, 0.01710831682166205, 0.05180229815149499, 0.1350315571392592, 0.4088622542886125, 0.048010917175498845, 0.14537232808915837]
[0.10044412111800369, 0.09350447142714025, 0.0356175784888738, 0.03315677227345345, 0.28187544280546933, 0.2624007656640477, 0.09995329339797801, 0.09304755482503396]
[0.04815127494755762, 0.14579731759758632, 0.01707448674640822, 0.051699864015919035, 0.13512649417824343, 0.4091497142912736, 0.04791598013651463, 0.14508486808649734]
[0.08606231653709914, 0.0801163007653048, 0.030599741562136733, 0.02848561596963233, 0.2959886376842916, 0.2755388847754903, 0.10523974002679728, 0.09796876267924788]
[0.04125687218003662, 0.12492174512236731, 0.014669017488357071, 0.044416340043411995, 0.14189212983152638, 0.4296353926282556, 0.050450216508803825, 0.15275828619724136]
[0.08612282462626919, 0.0801726283714597, 0.030539233472966668, 0.0284292883634774, 0.2961967392972038, 0.2757326087197282, 0.10503163841388514, 0.09777503873501002]
[0.0412858787720178, 0.1250095742257111, 0.014640010896375883, 0.04432851094006819, 0.14199189035378323, 0.42993745766314884, 0.050350455986546964, 0.1524562211623482]

