Action: 0
[0.25192172383962436, 0.10674362986787975, 0.3726101596422133, 0.1578814258637748, 0.0314047764995204, 0.01330675174675437, 0.04644989962224837, 0.01968163291798488]
[0.2670506837632987, 0.09161466994420538, 0.39498696814630896, 0.13550461735967909, 0.033290765519568784, 0.011420762726705978, 0.049239411614834847, 0.016892120925398393]
[0.22343968693352562, 0.09467529388220128, 0.40109219654831196, 0.16994976184945323, 0.027854181538299223, 0.011802302711653972, 0.05000049458346953, 0.021186081953085276]
[0.23685818065234301, 0.08125680016338384, 0.4251794712572646, 0.1458624871405006, 0.029526942385505673, 0.010129541864447523, 0.053003234748897954, 0.018183341787656848]
[0.2525354514685592, 0.1070036769724495, 0.3735179064863872, 0.15826605403982652, 0.030791048870585466, 0.013046704642184591, 0.045542152778074406, 0.019297004741933157]
[0.26770126831969776, 0.09183786012131095, 0.3959492290094291, 0.1358347315167846, 0.032640180963169674, 0.01119757254960038, 0.0482771507517147, 0.016562006768292857]
[0.22398402708482976, 0.09490594030184084, 0.4020693308701166, 0.17036379071043514, 0.027309841386995024, 0.01157165629201439, 0.049023360261664845, 0.020772053092103355]
[0.23743521072100884, 0.08145475666566174, 0.4262152866081179, 0.14621783497243382, 0.0289499123168398, 0.009931585362169613, 0.05196741939804458, 0.017827993955723622]

Action: 1
[0.03473754056565389, 0.051915950608655184, 0.0011489055190660252, 0.0017170623253857389, 0.3533070359590305, 0.5280244464593724, 0.011685237265747338, 0.017463821297088893]
[0.061220848536477086, 0.025432642637831994, 0.0020248114754274835, 8.411563690242809E-4, 0.6226622893592385, 0.2586691930591644, 0.020593862694655893, 0.00855519586818034]
[0.034825821246391706, 0.05204788785539897, 0.0010606248383282122, 0.0015851250786419588, 0.354204917188848, 0.5293663479532775, 0.01078735603592991, 0.016121919803183785]
[0.06137643290129221, 0.02549727620049847, 0.001869227110612363, 7.76522806357808E-4, 0.6242446999121822, 0.25932656522994335, 0.01901145214171225, 0.007897823697401447]
[0.1081915338182684, 0.16169441573930665, 0.0035783146502584655, 0.005347862963813968, 0.27985304270641603, 0.418245981328721, 0.0092558281345549, 0.013833020658660667]
[0.1906749124135256, 0.07921103714404946, 0.006306360659163345, 0.0026198169549090894, 0.49320822548219007, 0.20489079855294695, 0.016312313510920034, 0.0067765352822955335]
[0.10846648771828597, 0.16210533985369496, 0.003303360750240903, 0.00493693884942567, 0.28056425071695373, 0.4193088959549816, 0.00854462012401722, 0.012770106032400077]
[0.19115948647355946, 0.07941234109842149, 0.005821786599129511, 0.002418513000537061, 0.494461646339915, 0.20541150033202032, 0.015058892653195105, 0.0062558335032221945]

