Action: 0
[0.2557365504876657, 0.08118828114783196, 0.4103218847954098, 0.13026424451394472, 0.03569747355267635, 0.011332820879672285, 0.0572755619118078, 0.01818318271099142]
[0.25060590448476633, 0.08631892715073129, 0.4020899119541666, 0.13849621735518794, 0.034981302556988045, 0.01204899187536059, 0.056126486301668124, 0.019332258321131095]
[0.25893953196718644, 0.08220512664908998, 0.40711890331588896, 0.12924739901268664, 0.03614456782385844, 0.01147475919595558, 0.0568284676406257, 0.018041244394708125]
[0.2537446270068016, 0.08740003160947478, 0.3989511894321312, 0.13741511289644442, 0.03541942711918256, 0.012199899900631453, 0.05568836173947359, 0.01918135029586023]
[0.24062288320339656, 0.07639016892527263, 0.3860724435855929, 0.12256581248744644, 0.05081114083694547, 0.01613093310223162, 0.08152500312162472, 0.0258816147374897]
[0.23579545109969668, 0.08121760102897249, 0.378326968659405, 0.13031128741363435, 0.049791755942057696, 0.01715031799711939, 0.07988942959642972, 0.027517188262684695]
[0.24363657302199968, 0.07734692030014857, 0.38305875376698967, 0.12160906111257044, 0.05144752676904518, 0.01633296554489698, 0.080888617189525, 0.025679582294824334]
[0.23874867957402848, 0.08223481374811976, 0.3753737401850731, 0.12929407469448703, 0.0504153745519557, 0.017365117761986456, 0.07926581098653171, 0.027302388497817624]

Action: 1
[0.07455954412074615, 0.10837051372496316, 0.023665044213085885, 0.03439657563547907, 0.2348268414760773, 0.3413151964282465, 0.07453355102267042, 0.10833273337873132]
[0.16463705206113838, 0.018293005784570934, 0.05225545786370847, 0.0058061619848564965, 0.5185278341138915, 0.05761420379043239, 0.1645796559612616, 0.018286628440140177]
[0.0717213254682644, 0.1042452308110131, 0.026503262865567645, 0.03852185854942915, 0.22588781255039853, 0.3283225317291531, 0.0834725799483493, 0.12132539807782483]
[0.15836990065134976, 0.01759665562792775, 0.05852260927349712, 0.006502512141499679, 0.4987893098515965, 0.055421034427955165, 0.18431818022355673, 0.020479797802617414]
[0.10269727700600258, 0.14926803534731656, 0.03259590210174501, 0.047377363927736456, 0.20668910859082093, 0.30041767480589315, 0.06560269313401132, 0.09535194508647396]
[0.22676878111798723, 0.025196531235331915, 0.07197593942653333, 0.007997326602948147, 0.4563961050570427, 0.05071067833967141, 0.14485917439843676, 0.016095463822048527]
[0.09878795418764567, 0.14358592815181165, 0.036505224920101935, 0.0530594711232414, 0.19882118383101727, 0.28898183438835456, 0.07347061789381501, 0.10678778550401259]
[0.2181364941055116, 0.024237388233945736, 0.08060822643900901, 0.008956469604334334, 0.4390227163974347, 0.04878030182193718, 0.16223256305804487, 0.018025840339782762]

