Action: 0
[0.34760136685159904, 0.041874514305828, 0.3260553650695466, 0.0392789308418506, 0.11291357771558908, 0.013602366608046916, 0.10591465199583881, 0.012759226611700949]
[0.3502379351904482, 0.039237945966978854, 0.32852850624284147, 0.03680578966855572, 0.11377003109126929, 0.012745913232366712, 0.10671801827889396, 0.011955860328645812]
[0.3087181368840414, 0.03719036595428132, 0.3649385950371042, 0.043963079193397286, 0.10028288915259115, 0.0120807847060128, 0.11854534055883677, 0.014280808513735069]
[0.3110597745844607, 0.03484872825386209, 0.367706666848829, 0.0411950073816725, 0.10104353832052415, 0.011320135538079805, 0.11944451104963913, 0.013381638022932723]
[0.34502963350348237, 0.041564705153315486, 0.32364304010294276, 0.03898832514820993, 0.1154853110637057, 0.013912175760559427, 0.10832697696244253, 0.013049832305341619]
[0.3476466951563164, 0.03894764350048148, 0.3260978837082863, 0.03653348154286644, 0.11636127112540107, 0.013036215698864087, 0.10914864081344908, 0.012228168454335093]
[0.3064340816313701, 0.03691521253581355, 0.36223859197505515, 0.04363781776571187, 0.10256694440526246, 0.012355938124480567, 0.1212453436208858, 0.01460606994142048]
[0.3087583946940357, 0.03459089947314796, 0.36498618417056705, 0.040890225570199966, 0.10334491821094911, 0.01157796431879393, 0.12216499372790104, 0.013686419834405253]

Action: 1
[0.14593270326461427, 0.1977819362462439, 0.04480765346447658, 0.06072761117009875, 0.17890365600452912, 0.24246732017255523, 0.054931162395061614, 0.07444795728242047]
[0.30934317555977237, 0.03437146395108582, 0.0949817381711178, 0.010553526463457533, 0.3792338785593759, 0.04213709761770844, 0.11644120770973387, 0.01293791196774821]
[0.15176788316548778, 0.20569032931594028, 0.038972473563603074, 0.052819218100402424, 0.18605719317856123, 0.2521624769238427, 0.047777625221029504, 0.06475280053113301]
[0.32171239123328527, 0.03574582124814281, 0.08261252249760495, 0.00917916916640055, 0.39439770309216354, 0.043821967010240395, 0.10127738317694626, 0.011253042575216253]
[0.17301252693750405, 0.23448309944966486, 0.05312233090051222, 0.07199645609501039, 0.15182383233163937, 0.2057661569691343, 0.04661648495902597, 0.06317911235750884]
[0.36674606374845203, 0.040749562638716895, 0.11260690829597036, 0.012511878699552262, 0.32183099037069635, 0.03575899893007737, 0.09881603758488133, 0.01097955973165348]
[0.17993050486294865, 0.24385900381102116, 0.04620435297506762, 0.06262055173365412, 0.1578945714811004, 0.21399380242876184, 0.040545745809564965, 0.054951466897881315]
[0.38141055780657285, 0.042378950867396986, 0.09794241423784958, 0.010882490470872176, 0.334699536518876, 0.037188837390986225, 0.08594749143670165, 0.009549721270744629]

