Action: 0
[0.27269308646127366, 0.10459355151548136, 0.37575140787891653, 0.14412237122329624, 0.03125822622495168, 0.011989335473696936, 0.04307158155067956, 0.016520439671704093]
[0.2806278784121902, 0.09665875956456481, 0.38668497896967685, 0.1331888001325359, 0.03216777448328238, 0.011079787215366232, 0.04432487345857732, 0.015267147763806332]
[0.18795285826428537, 0.07209077875224867, 0.46049163607590493, 0.17662514398652895, 0.02154463481084862, 0.008263612034369443, 0.05278517296478262, 0.020246163111031584]
[0.19342188883730285, 0.06662174817923117, 0.47389096854456425, 0.16322581151786958, 0.022171538107521805, 0.007636708737696259, 0.0543211098343379, 0.018710226241476304]
[0.26857024826541265, 0.10301220490041041, 0.37007043416353863, 0.14194338962655578, 0.03538106442081275, 0.0135706820887679, 0.04875255526605746, 0.018699421268444563]
[0.276385074346435, 0.09519737881938801, 0.38083870093692473, 0.13117512285316965, 0.036410578549037606, 0.012541167960543036, 0.05017115149132943, 0.017280825043172587]
[0.18511120491278646, 0.07100084053611663, 0.45352947751616485, 0.17395475399084956, 0.02438628816234752, 0.009353550250501481, 0.05974733152452269, 0.02291655310671098]
[0.19049754938461463, 0.06561449606428846, 0.46672622589874513, 0.16075800560826922, 0.025095877560210034, 0.008643960852638962, 0.061485852480157005, 0.02117803215107666]

Action: 1
[0.040353641849151814, 0.05295754912644504, 0.002404928553700799, 0.0031560750453277216, 0.3677857953582853, 0.48265865069882014, 0.021918679959768986, 0.02876467940850028]
[0.04670073127881175, 0.046610459696785116, 0.0027831917265599424, 0.0027778118724685785, 0.4256335936517796, 0.4248108524053259, 0.025366195859444166, 0.0253171635088251]
[0.04093692059376256, 0.05372300699732576, 0.001821649809090052, 0.002390617174447003, 0.37310183691419146, 0.4896350850168801, 0.016602638403862807, 0.021788245090440285]
[0.04737575198733999, 0.04728417560374834, 0.0021081710180317057, 0.002104095965505349, 0.4317857776132028, 0.4309511443178688, 0.019214011898020897, 0.0191768715962822]
[0.04257518913742254, 0.055872966279997195, 0.002537324596836894, 0.0033298231790088477, 0.3655642480700146, 0.479743233545268, 0.021786283916632895, 0.028590931274819157]
[0.049271698313721, 0.04917645710369874, 0.002936411900738762, 0.00293073587510698, 0.42306262661687033, 0.4222448549984123, 0.02521297568526535, 0.0251642395061867]
[0.04319057852320514, 0.05668056411097612, 0.0019219352110542848, 0.002522225348029923, 0.3708481789847489, 0.48667752790322977, 0.016502353001898576, 0.021656636916857368]
[0.049983880238829465, 0.049887262395351795, 0.0022242299756302926, 0.0022199305834539156, 0.4291776493617134, 0.42834805752626537, 0.01909795294042231, 0.019061036978333633]

