Action: 0
[0.2545347228566093, 0.08031227203583581, 0.405492651141866, 0.12794339311176697, 0.038612455403297836, 0.012183225877862629, 0.061512499091924015, 0.01940878048083736]
[0.22976398155923744, 0.10508301333320762, 0.3660310270196474, 0.16740501723398557, 0.034854778914537546, 0.01594090236662292, 0.055526242346830575, 0.025395037225930808]
[0.2441158518861767, 0.07702484943866413, 0.41591152211229854, 0.13123081570893866, 0.03703193159034374, 0.01168452983749334, 0.0630930229048781, 0.01990747652120665]
[0.2203590514551938, 0.10078164986964706, 0.3754359571236911, 0.17170638069754612, 0.03342806809041907, 0.015288393337418008, 0.05695295317094904, 0.026047546255135716]
[0.24782127291337402, 0.07819400537229768, 0.39479762853261585, 0.12456883754785912, 0.04532590534653309, 0.014301492541400774, 0.07220752170117423, 0.022783336044745226]
[0.2237038693213275, 0.10231140896434424, 0.35637681972726276, 0.1629896463532122, 0.04091489115244755, 0.018712506735486314, 0.06518044963921525, 0.02981040810670419]
[0.2376772036200566, 0.0749932897941161, 0.40494169782593326, 0.12776955312604066, 0.04347057985646388, 0.013716089482041364, 0.07406284719124341, 0.023368739104104634]
[0.21454699781913, 0.09812349559504269, 0.36553369122946017, 0.16717755972251372, 0.03924012172648286, 0.017946547612022388, 0.06685521906517994, 0.030576367230168117]

Action: 1
[0.033917074715321974, 0.05911694946393928, 0.0011486663107849562, 0.002002108047806599, 0.31870699094692684, 0.5555014763434846, 0.010793619042476011, 0.01881311512926004]
[0.07633854776911414, 0.016695476410147098, 0.0025853502630348254, 5.654240955567291E-4, 0.7173268643289493, 0.15688160296146195, 0.024293639996713762, 0.005313094175022283]
[0.03404927516580396, 0.05934737285439526, 0.0010164658603029717, 0.0017716846573506125, 0.31994923274191006, 0.5576666850483154, 0.009551377247492792, 0.01664790642442911]
[0.07663609673195729, 0.016760551288241925, 0.002287801300191684, 5.003492174618998E-4, 0.7201228287628831, 0.15749308902734224, 0.021497675562779935, 0.004701608109141963]
[0.12416584699109189, 0.2164191978031533, 0.004205112810755352, 0.00732944817942351, 0.2284582186711569, 0.39819922800427043, 0.007737172542505614, 0.013485774997643127]
[0.2794651520327025, 0.061119892761542644, 0.009464619454146044, 0.002069941536032816, 0.5142002600653609, 0.11245718661006637, 0.01741437080560254, 0.003808576734546196]
[0.12464981505273855, 0.21726274683215022, 0.0037211447491086857, 0.006485899150426567, 0.22934869285497544, 0.39975131107056044, 0.006846698358687077, 0.011933691931353152]
[0.28055443875046443, 0.06135812313442431, 0.008375332736384104, 0.001831711163151148, 0.5162044867443759, 0.11289551718115987, 0.015410144126587512, 0.003370246163452714]

