Action: 0
[0.33343069827953414, 0.0317121971860661, 0.3737167913867051, 0.03554375959187605, 0.09713388638307777, 0.00923828841892262, 0.10886989272826865, 0.010354486025549711]
[0.32464028586928834, 0.04050260959631188, 0.3638642950872527, 0.0453962558913284, 0.09457309361647598, 0.011799081185524396, 0.10599969732910841, 0.013224681424709936]
[0.3340366406279444, 0.03176982764221583, 0.37311084903829483, 0.03548612913572631, 0.09731040742786722, 0.009255077125567621, 0.1086933716834792, 0.010337697318904708]
[0.32523025343443224, 0.040576214835727945, 0.36327432752210875, 0.04532265065191233, 0.09474496094224437, 0.01182052361119045, 0.10582783000334002, 0.013203238999043878]
[0.3506376074544531, 0.03334872585464206, 0.3930026907346473, 0.037378018543401344, 0.07992697720815875, 0.00760175975034665, 0.0895839933803264, 0.008520227074024408]
[0.34139356006478383, 0.04259277324431127, 0.3826417499223001, 0.04773895935574847, 0.0778198194209804, 0.009708917537524986, 0.08722224249406094, 0.010881977960289856]
[0.35127481985390585, 0.03340933036815902, 0.39236547833519453, 0.03731741402988438, 0.08007222820190571, 0.0076155743996244255, 0.08943874238657942, 0.008506412424746632]
[0.3420139732918358, 0.04267017693022902, 0.3820213366952481, 0.04766155566983073, 0.07796124108484075, 0.009726561516689367, 0.08708082083020058, 0.010864333981125473]

Action: 1
[0.327846702710439, 0.3254469569856865, 0.12380628375301596, 0.12290005655085862, 0.036427411412270995, 0.036160772998409606, 0.013756253750335106, 0.01365556183898429]
[0.5879642937265129, 0.06532936596961254, 0.22203570627348712, 0.024670634030387457, 0.06532936596961254, 0.007258818441068061, 0.024670634030387457, 0.0027411815589319394]
[0.4064876878171095, 0.40351231218289063, 0.0451652986463455, 0.04483470135365451, 0.0451652986463455, 0.04483470135365451, 0.005018366516260611, 0.004981633483739391]
[0.7290000000000001, 0.08100000000000002, 0.08100000000000002, 0.009000000000000001, 0.08100000000000002, 0.009000000000000001, 0.009000000000000003, 0.0010000000000000002]
[0.18348464356044042, 0.1821415875366902, 0.06929016414427266, 0.06878297961626637, 0.18078947056226954, 0.17946614244740589, 0.06827237335907839, 0.06777263877357652]
[0.3290636079874176, 0.03656262310971306, 0.12426582938448513, 0.013807314376053904, 0.3242300517087079, 0.03602556130096754, 0.12244051091938941, 0.013604501213265492]
[0.22749732693424182, 0.22583211043766094, 0.025277480770471313, 0.025092456715295662, 0.22415565952921315, 0.22251490309888416, 0.024906184392134795, 0.024723878122098242]
[0.40799649363471246, 0.045332943737190275, 0.045332943737190275, 0.005036993748576697, 0.4020035063652876, 0.04466705626280973, 0.04466705626280973, 0.004963006251423304]

