Action: 0
[0.15087015125020098, 0.0735436920422673, 0.3298560574927885, 0.16079278843099692, 0.060118554391205885, 0.02930560096569967, 0.13144064063913066, 0.06407251478771006]
[0.16521890352219254, 0.059194939770275415, 0.36122755685935815, 0.12942128906442735, 0.06583622774648155, 0.023587927610424005, 0.1439415175546384, 0.051571637872202335]
[0.14245789714418636, 0.06944302520905096, 0.3382683115988031, 0.16489345526421328, 0.056766449605505906, 0.027671572232977754, 0.1347927454248307, 0.065706543520432]
[0.15600658824293748, 0.055894334110299856, 0.3704398721386135, 0.13272189472440293, 0.06216531555745365, 0.022272706281030008, 0.14761242974366634, 0.05288685920159635]
[0.14949505543723093, 0.07287338302381897, 0.32684960671519975, 0.15932725341101445, 0.06149365020417587, 0.02997590998414801, 0.13444709141671954, 0.0655380498076926]
[0.16371302697488233, 0.05865541148616754, 0.35793517266771696, 0.12824168745849712, 0.06734210429379199, 0.024127455894531868, 0.14723390174627957, 0.052751239478132546]
[0.14115947425361333, 0.06881009144174417, 0.33518518789881735, 0.16339054499308922, 0.05806487249607894, 0.028304506000284533, 0.13787586912481647, 0.06720945379155607]
[0.15458467672159995, 0.05538488897375754, 0.3670635229209994, 0.13151220997090715, 0.06358722707879115, 0.02278215141757232, 0.15098877896128043, 0.054096543955092107]

Action: 1
[0.043730667449013744, 0.0794970843087461, 0.0015111863475800959, 0.002747154696869615, 0.2992923752044337, 0.5440774763461423, 0.01034254855293688, 0.01880150709427757]
[0.052032778074759034, 0.07119497368300068, 0.0017980796644578626, 0.002460261379991848, 0.35611196093992087, 0.4872578906106552, 0.01230604436142726, 0.01683801128578719]
[0.04384980932565353, 0.07971366988505829, 0.0013920444709399871, 0.0025305691205574333, 0.30010778135590643, 0.5455597864811311, 0.0095271424014642, 0.01731919695928886]
[0.05217453861005964, 0.07138894060065237, 0.0016563191291572529, 0.002266294462340167, 0.357082169029469, 0.48858539880756846, 0.011335836271879146, 0.015510503088873907]
[0.04106137332202405, 0.07464462920946043, 0.0014189444249731414, 0.0025794699958109, 0.3019616693314234, 0.5489299314454281, 0.010434790475543838, 0.01896919179533629]
[0.048856728015888064, 0.06684927451559641, 0.001688325943141061, 0.002310088477642981, 0.3592880109987919, 0.4916035897780595, 0.012415798082744064, 0.01698818418813606]
[0.04117324284884296, 0.07484799453004441, 0.0013070748981540074, 0.0023761046752269165, 0.302784347832717, 0.550425461836145, 0.00961211197425018, 0.017473661404619378]
[0.048989835571794794, 0.0670314018070928, 0.0015552183872343287, 0.0021279611861465954, 0.36026687206773383, 0.49294293760112806, 0.011436937013802072, 0.01564883636506748]

