Action: 0
[0.2952169964310419, 0.024373774722869723, 0.4230080760174637, 0.03492449173133071, 0.08447192306515261, 0.006974190673600121, 0.12103742699527104, 0.009993120363270254]
[0.2975211320729684, 0.022069639080943254, 0.4263096067442091, 0.03162296100458529, 0.0851312169778659, 0.006314896760886825, 0.12198211057690221, 0.009048436781639071]
[0.2933995658929303, 0.024223723597609586, 0.4248255065555752, 0.03507454285659085, 0.0839518925301645, 0.006931255790913669, 0.12155745753025914, 0.010036055245956705]
[0.29568951669275684, 0.02193377279778304, 0.4281412221244206, 0.0317588272877455, 0.08460712766270917, 0.006276020658369001, 0.12250619989205895, 0.009087312884156895]
[0.3130095113514781, 0.025842764502139796, 0.4485024669061799, 0.03702936559608294, 0.06667940814471646, 0.005505200894330051, 0.09554303610655485, 0.007888246498518029]
[0.31545251558255527, 0.02339976027106263, 0.45200297850267895, 0.033528853999583906, 0.06719983346827905, 0.004984775570767454, 0.09628873881843242, 0.007142543786640454]
[0.3110825455889142, 0.025683669904053585, 0.4504294326687438, 0.037188460194169146, 0.06626891283418064, 0.005471309484469672, 0.09595353141709065, 0.007922137908378408]
[0.3135105100677143, 0.023255705425253462, 0.45394498401751987, 0.033672908845393076, 0.06678613428775172, 0.0049540880308985855, 0.09670243799895974, 0.007173231326509322]

Action: 1
[0.13947505677820757, 0.1992777170527647, 0.0406102020828194, 0.058022621012333825, 0.17940845872485303, 0.2563333466248139, 0.052237395936459825, 0.07463520178774764]
[0.3048774964478751, 0.03387527738309723, 0.08876954078563791, 0.009863282309515324, 0.39216762481470024, 0.0435741805349667, 0.11418533795178673, 0.012687259772420748]
[0.13474505926766828, 0.19251964053830647, 0.04534019959335869, 0.06478069752679204, 0.17332420550610234, 0.24764035076296873, 0.058321649155210535, 0.08332819764959279]
[0.2945382298253773, 0.03272646998059748, 0.09910880740813566, 0.011012089712015075, 0.378868100642164, 0.042096455626907114, 0.127484862124323, 0.014164984680480334]
[0.2869951639527546, 0.41004995730982075, 0.0835628382173513, 0.11939204052007331, 0.03188835155030607, 0.04556110636775786, 0.009284759801927923, 0.013265782280008147]
[0.6273406091363178, 0.06970451212625754, 0.18265939086368216, 0.020295487873742465, 0.06970451212625754, 0.0077449457918063935, 0.020295487873742465, 0.002255054208193607]
[0.2772623382963936, 0.3961439921711477, 0.09329566387371231, 0.13329800565874636, 0.030806926477377063, 0.04401599913012752, 0.010366184874856924, 0.014810889517638483]
[0.6060656974207872, 0.06734063304675413, 0.20393430257921283, 0.02265936695324587, 0.06734063304675413, 0.007482292560750459, 0.022659366953245868, 0.002517707439249541]

