Action: 0
[0.3632108673244299, 0.02668622626611469, 0.3867228964624204, 0.028413727797591288, 0.08796385898915181, 0.006462976896911867, 0.09365809614366859, 0.006881350119711445]
[0.3511420693685257, 0.03875502422201889, 0.3738728390379049, 0.0412637852221068, 0.0850409892815848, 0.009385846604478889, 0.09054601789661841, 0.009993428366761621]
[0.34246357348892914, 0.025161858391931042, 0.40747019029792125, 0.029938095671774946, 0.08293919647617051, 0.006093799394817716, 0.09868275865664991, 0.0072505276218056]
[0.331084168169531, 0.036541263711329194, 0.3939307402368997, 0.0434775457327965, 0.0801832866316508, 0.008849709239337438, 0.09540372054655244, 0.010529565731903074]
[0.3821608138960153, 0.02807853747548279, 0.4068995455807567, 0.02989616863872113, 0.06901391241756637, 0.005070665687543768, 0.07348144702533224, 0.005398909278581604]
[0.3694623456933689, 0.04077700567812924, 0.39337905694522, 0.04341665727425783, 0.06672071295674162, 0.007363865148368528, 0.07103979998930327, 0.007840556314610591]
[0.360331063159971, 0.02647463814348783, 0.4287292963168011, 0.03150006797071609, 0.06507170680512858, 0.004781019643260924, 0.07742365263777005, 0.00568855532286445]
[0.34835795555295274, 0.03844774575050612, 0.4144834470856363, 0.04574591720188095, 0.06290949924822901, 0.006943227200160503, 0.0748510136978159, 0.008261194262818619]

Action: 1
[0.37104506074016375, 0.169465554631752, 0.09132225507594106, 0.04170915676870911, 0.17984121769077457, 0.08213797979367037, 0.044262832989510816, 0.020215942309478402]
[0.4864595538347241, 0.05405106153719157, 0.11972827066018515, 0.013303141184465017, 0.23578127773600044, 0.026197919748444494, 0.05803089776909029, 0.006447877529898921]
[0.3921619022336285, 0.17911014402103595, 0.07020541358247631, 0.03206456737942517, 0.19007630471872783, 0.08681259989624325, 0.034027745961557554, 0.01554132220690551]
[0.514144841629198, 0.05712720462546644, 0.09204298286571133, 0.010226998096190147, 0.24920001415347395, 0.02768889046149711, 0.04461216135161676, 0.004956906816846306]
[0.23665020203650325, 0.1080840630564716, 0.058244758927769806, 0.026601837405940628, 0.314236076394435, 0.14351947136895074, 0.07734032913768207, 0.035323261672246885]
[0.31026083858367737, 0.03447342650929749, 0.07636193670033939, 0.008484659633371043, 0.4119799929870472, 0.04577555477633857, 0.10139723172893605, 0.011266359080992897]
[0.2501183904981219, 0.11423532140493263, 0.04477657046615118, 0.020450579057479594, 0.33211981645423444, 0.15168742251234657, 0.05945658907788268, 0.02715531052885108]
[0.32791834071274906, 0.03643537119030545, 0.0587044345712677, 0.006522714952363078, 0.4354265150699229, 0.0483807238966581, 0.07795070964606038, 0.008661189960673376]

