Action: 0
[0.19225728808895018, 0.09476192927327885, 0.4057817540086442, 0.2000062637727605, 0.023082911364093104, 0.011377364342586257, 0.048719215557717535, 0.02401327359196948]
[0.19639418894656088, 0.09062502841566812, 0.41451317273844795, 0.1912748450429567, 0.02357959846900061, 0.01088067723767875, 0.049767532459647386, 0.022964956690039624]
[0.22308555643246153, 0.10995691206651313, 0.37495348566513265, 0.18481128097952615, 0.026784233653381388, 0.013201713601236315, 0.04501789326842924, 0.022188924333319416]
[0.22788580530156569, 0.10515666319740896, 0.383021556383443, 0.17674321026121578, 0.027360564050384877, 0.012625383204232822, 0.0459865668782631, 0.021220250723485545]
[0.18932012263601414, 0.09331422620994287, 0.39958251880069434, 0.19695071516826562, 0.02602007681702912, 0.012825067405922236, 0.054918450765667357, 0.027068822196464355]
[0.19339382296478158, 0.08924052588117541, 0.4081805453366145, 0.18835268863234542, 0.0265799644507799, 0.012265179772171453, 0.056100159861480814, 0.02588711310065089]
[0.21967741936824123, 0.10827707123112247, 0.3692252220684672, 0.18198787014708598, 0.030192370717601703, 0.014881554436626981, 0.05074615686509475, 0.0250123351657596]
[0.2244043335654379, 0.10355015703392581, 0.3771700347359581, 0.17404305747959498, 0.030842035786512692, 0.014231889367715992, 0.05183808852574801, 0.023920403505106345]

Action: 1
[0.16666666666666666, 0.16666666666666666, 0.08333333333333333, 0.08333333333333333, 0.16666666666666666, 0.16666666666666666, 0.08333333333333333, 0.08333333333333333]
[0.1111111111111111, 0.2222222222222222, 0.05555555555555555, 0.1111111111111111, 0.1111111111111111, 0.2222222222222222, 0.05555555555555555, 0.1111111111111111]
[0.125, 0.125, 0.125, 0.125, 0.125, 0.125, 0.125, 0.125]
[0.08333333333333333, 0.16666666666666666, 0.08333333333333333, 0.16666666666666666, 0.08333333333333333, 0.16666666666666666, 0.08333333333333333, 0.16666666666666666]
[0.1111111111111111, 0.1111111111111111, 0.05555555555555555, 0.05555555555555555, 0.2222222222222222, 0.2222222222222222, 0.1111111111111111, 0.1111111111111111]
[0.07407407407407407, 0.14814814814814814, 0.037037037037037035, 0.07407407407407407, 0.14814814814814814, 0.2962962962962963, 0.07407407407407407, 0.14814814814814814]
[0.08333333333333333, 0.08333333333333333, 0.08333333333333333, 0.08333333333333333, 0.16666666666666666, 0.16666666666666666, 0.16666666666666666, 0.16666666666666666]
[0.05555555555555555, 0.1111111111111111, 0.05555555555555555, 0.1111111111111111, 0.1111111111111111, 0.2222222222222222, 0.1111111111111111, 0.2222222222222222]

