Action: 0
[0.3747958676534226, 0.042599276076956925, 0.33675331644958817, 0.038275361964588736, 0.09817813587805012, 0.011158921097970793, 0.08821285321732592, 0.01002626766209659]
[0.39431921727194136, 0.023075926458438156, 0.3542950059388665, 0.0207336724753104, 0.1032922959770992, 0.006044760998921713, 0.09280791555083455, 0.005431205328587948]
[0.3526431776314317, 0.040081402643606594, 0.35890600647157916, 0.04079323539793908, 0.09237521754637174, 0.010499361744739637, 0.09401577154900433, 0.01068582701532775]
[0.37101257986254244, 0.021712000412495876, 0.37760164334826557, 0.02209759852125269, 0.09718710002398816, 0.0056874792671232225, 0.09891311150394563, 0.005788487060386442]
[0.37784293167186966, 0.04294560519247966, 0.3394910972049382, 0.03858653796278086, 0.09513107185960307, 0.010812591982448053, 0.0854750724619759, 0.009715091663904472]
[0.39752500474834596, 0.023263532116003346, 0.35717539939483195, 0.02090223577288711, 0.10008650850069459, 0.0058571553413565205, 0.08992752209486912, 0.005262642031011241]
[0.35551014183954616, 0.04040726162537412, 0.3618238870372618, 0.041124881529886415, 0.08950825333825728, 0.010173502762972107, 0.09109789098332172, 0.01035418088338042]
[0.3740288860175925, 0.021888517447327754, 0.3806715181255855, 0.022277250441562712, 0.09417079386893804, 0.005510962232291342, 0.0958432367266257, 0.0056088351400764205]

Action: 1
[0.2894270792361826, 0.37369441889319005, 0.07798372526813276, 0.10068886081464443, 0.05439462807251459, 0.07023174535746196, 0.014656181249052047, 0.01892336110882149]
[0.5968093483164354, 0.06631214981293726, 0.16080532747449947, 0.017867258608277717, 0.1121637360869789, 0.012462637342997657, 0.030221588122086182, 0.0033579542357873534]
[0.2680978685517957, 0.34615516094542875, 0.09931293595251967, 0.12822811876240572, 0.05038603811845998, 0.06505604549753591, 0.01866477120310666, 0.024099060968747543]
[0.552827726547502, 0.06142530294972244, 0.20478694924343285, 0.02275410547149254, 0.1038978752543963, 0.011544208361599589, 0.03848744895466878, 0.00427638321718542]
[0.16867883775942785, 0.2177900575939194, 0.045449113390129164, 0.0586817241232477, 0.17514286954926936, 0.22613610665673267, 0.04719079312705565, 0.06093049780021822]
[0.3478220058180125, 0.038646889535334725, 0.09371775376203917, 0.010413083751337687, 0.3611510785854018, 0.040127897620600206, 0.09730916183454648, 0.010812129092727387]
[0.15624811953477813, 0.2017401080327218, 0.05787983161477889, 0.07473167368444528, 0.16223578713547757, 0.20947109841024286, 0.060097875540847445, 0.07759550604670801]
[0.3221894048107499, 0.03579882275675, 0.11935035476930175, 0.013261150529922418, 0.3345361969911484, 0.03717068855457204, 0.12392404342879991, 0.013769338158755546]

