Action: 0
[0.27249701668441156, 0.08745600769068146, 0.4043085744901496, 0.12976000335801746, 0.0323021246414398, 0.010367140511996357, 0.04792722550026645, 0.015381907123037166]
[0.26730454664445374, 0.09264847773063925, 0.3966044161640073, 0.13746416168415976, 0.031686602987410425, 0.01098266216602573, 0.04701396529090185, 0.016295167332401765]
[0.2732859012776578, 0.08770919467193164, 0.40351968989690334, 0.12950681637676728, 0.032395639971511334, 0.010397153601774161, 0.04783371017019491, 0.01535189403325936]
[0.2680783989277494, 0.09291669702184004, 0.39583056388071164, 0.13719594239295899, 0.03177833636935064, 0.01101445720393486, 0.04692223190896164, 0.016263372294492633]
[0.24983942983879487, 0.08018421398984463, 0.3706911178647535, 0.11897071626436548, 0.054959711487056515, 0.01763893421283321, 0.08154468212566263, 0.026171194216689175]
[0.24507870339113433, 0.08494494043750518, 0.36362754503371447, 0.12603428909540448, 0.05391244624072991, 0.018686199459159815, 0.07999083642119474, 0.027725039921157053]
[0.25056272024168946, 0.08041634897542285, 0.36996782746185886, 0.11873858127878723, 0.05511882100747967, 0.01768999929828295, 0.08138557260523945, 0.02612012913123943]
[0.24578821139085652, 0.08519085782625581, 0.3629180370339922, 0.12578837170665386, 0.054068523906243525, 0.01874029639951909, 0.0798347587556811, 0.027670942980797773]

Action: 1
[0.04176453649352165, 0.05815207333898367, 0.0012624794859219528, 0.001757850219783566, 0.36396480305050466, 0.5067770337421265, 0.011002111744258468, 0.015319111924899596]
[0.07258847267514602, 0.027328137157359305, 0.002194240984357461, 8.260887213480575E-4, 0.6325857145582011, 0.23815612223443006, 0.019122120218929967, 0.007199103450228096]
[0.04176192859580839, 0.05814844215636284, 0.001265087383635212, 0.0017614814024043892, 0.36394207604196405, 0.5067453891273793, 0.011024838752799061, 0.015350756539646687]
[0.07258394004225237, 0.027326430709918866, 0.002198773617251109, 8.277951687884922E-4, 0.6325462140877793, 0.23814125108156398, 0.01916162068935163, 0.007213974603094121]
[0.17952390941864824, 0.24996536351441745, 0.005426739332033782, 0.007556079155264339, 0.22620543012537805, 0.31496374356669266, 0.006837851898146637, 0.00952088298941882]
[0.31201989744079434, 0.11746937549227139, 0.009431894923090491, 0.0035509235642076317, 0.3931542897925528, 0.14801488389951795, 0.011884466280196937, 0.004474268607368522]
[0.17951269942969214, 0.24994975495857952, 0.005437949320989865, 0.007571687711102243, 0.22619130520808028, 0.31494407632516264, 0.006851976815444409, 0.009540550230948835]
[0.31200041402147866, 0.11746204036679306, 0.009451378342406145, 0.0035582586896859623, 0.3931297401085531, 0.1480056414246898, 0.011909015964196593, 0.004483511082196651]

