Action: 0
[0.17414922565775723, 0.07106532600091207, 0.29271959496708005, 0.11945050783097685, 0.09076299046581061, 0.03703778458909958, 0.15255942543991205, 0.06225514504845151]
[0.1864372421460162, 0.05877730951265312, 0.3133739687996734, 0.09879613399838358, 0.09716725163409962, 0.03063352342081059, 0.16332405978246764, 0.05149051070589595]
[0.1660926180450424, 0.06777765449794375, 0.3007762025797948, 0.12273817933394517, 0.08656405247353573, 0.03532431789895735, 0.15675836343218694, 0.06396861173859374]
[0.17781215811998083, 0.056058114423005345, 0.3219990528257087, 0.10151532908803135, 0.09267203544083145, 0.029216334931661623, 0.1678192759757358, 0.05290769919504491]
[0.1982112758252986, 0.08088436156049086, 0.33316441206297814, 0.13595488274916204, 0.06670094029826926, 0.0272187490295208, 0.11211460834401399, 0.045750770130266336]
[0.2121971170847175, 0.06689852030107196, 0.35667258313447336, 0.11244671167766686, 0.07140737669539832, 0.02251231263239175, 0.12002544544766766, 0.037839933026612683]
[0.1890414936014126, 0.07714243528642016, 0.3423341942868641, 0.13969680902323273, 0.06361517691716556, 0.025959537110480935, 0.11520037172511768, 0.0470099820493062]
[0.20238031254571484, 0.06380361634211792, 0.366489387673476, 0.11554161563662088, 0.06810388101509746, 0.021470833012549043, 0.12332894112796851, 0.038881412646455386]

Action: 1
[0.15163288392305224, 0.21325723445687988, 0.0561459463125867, 0.07896393530748114, 0.15163288392305224, 0.21325723445687988, 0.0561459463125867, 0.07896393530748114]
[0.18244505918996606, 0.18244505918996606, 0.06755494081003392, 0.06755494081003392, 0.18244505918996606, 0.18244505918996606, 0.06755494081003392, 0.06755494081003392]
[0.10388941511781948, 0.1461105848821805, 0.10388941511781948, 0.1461105848821805, 0.10388941511781948, 0.1461105848821805, 0.10388941511781948, 0.1461105848821805]
[0.125, 0.125, 0.125, 0.125, 0.125, 0.125, 0.125, 0.125]
[0.08079624628724236, 0.11363223854832175, 0.029916872837451793, 0.042075237243068685, 0.22246952155886213, 0.312882230365438, 0.08237501978772162, 0.11585263337189358]
[0.09721424241778205, 0.09721424241778205, 0.03599605504026024, 0.03599605504026024, 0.2676758759621501, 0.2676758759621501, 0.0991138265798076, 0.0991138265798076]
[0.05535655956234708, 0.07785373789569522, 0.05535655956234708, 0.07785373789569522, 0.15242227067329187, 0.2143674318686658, 0.15242227067329187, 0.2143674318686658]
[0.06660514872902115, 0.06660514872902115, 0.06660514872902115, 0.06660514872902115, 0.18339485127097885, 0.18339485127097885, 0.18339485127097885, 0.18339485127097885]

