Action: 0
[0.26795867531539785, 0.09728436319851382, 0.3958255837661072, 0.1437073825247148, 0.028201560911498936, 0.010238783615607826, 0.04165903304966831, 0.015124617618491175]
[0.26801509214927, 0.09722794636464167, 0.39590892208749356, 0.14362404420332853, 0.028207498553842504, 0.010232845973264258, 0.04166780406909536, 0.015115846599064127]
[0.2567149158725791, 0.09320223383261664, 0.407069343208926, 0.147789511890612, 0.02701820095337232, 0.00980915610000131, 0.04284239300779493, 0.015554245134097696]
[0.25676896541116656, 0.09314818429402925, 0.4071550488255971, 0.14770380627394097, 0.02702388944751388, 0.009803467605859754, 0.042851413175424, 0.015545224966468636]
[0.2510423081506151, 0.09114275197685405, 0.37083691377689887, 0.13463506253277369, 0.045117928076281635, 0.016380394837267595, 0.06664770303887671, 0.02419693761043233]
[0.25109516336113274, 0.09108989676633646, 0.3709149909077609, 0.13455698540191166, 0.04512742734197975, 0.016370895571569483, 0.06666173524882804, 0.024182905400481007]
[0.24050837294775934, 0.08731832950955376, 0.3813708489797547, 0.138459485000074, 0.04322474387819214, 0.015693060423064203, 0.06854088723696623, 0.02488427202463573]
[0.24055901031154497, 0.08726769214576816, 0.38145114395734875, 0.13837919002247998, 0.04323384454713548, 0.01568395975412086, 0.06855531804367232, 0.024869841217929636]

Action: 1
[0.037991005731112526, 0.04698868634060674, 0.0011414121972370896, 0.0014117409815606313, 0.3960289969591136, 0.4898233663937263, 0.011898403816630555, 0.014716387580012582]
[0.061439983282029445, 0.023539708789689823, 0.0018459197109046276, 7.072334678930933E-4, 0.6404677760989164, 0.2453845872539235, 0.019242389547427463, 0.007372401849215672]
[0.038094895308919074, 0.04711718082743767, 0.00103752261943054, 0.0012832464947297067, 0.39711197132374165, 0.49116282929435584, 0.010815429452002466, 0.013376924679383105]
[0.061607996047176754, 0.02360408008917999, 0.0016779069457573178, 6.428621684029288E-4, 0.6422191887182229, 0.2460556118998746, 0.01749097692812096, 0.0067013772032646106]
[0.14847686746102987, 0.18364170202129224, 0.004460879733667725, 0.005517381669020211, 0.28554313522919617, 0.3531703507130408, 0.008578936280199918, 0.010610746892553001]
[0.24012042005781975, 0.09199814942450237, 0.007214243765998424, 0.0027640176366895116, 0.46178733932312604, 0.17692614661911096, 0.013874065492333665, 0.005315617680419253]
[0.14888288985442846, 0.18414388559141667, 0.0040548573402691464, 0.00501519809889577, 0.2863239767782323, 0.3541361245303768, 0.0077980947311638606, 0.009644973075217042]
[0.24077704939896163, 0.0922497260468835, 0.006557614424856534, 0.002512441014308383, 0.463050135366438, 0.17740996594217107, 0.012611269449021746, 0.004831798357359157]

