Action: 0
[0.2461435665952082, 0.07128156172911258, 0.34005039196630815, 0.09847636215419657, 0.07946388582511626, 0.023012219904952207, 0.10978034443790655, 0.031791667387199615]
[0.244124983373617, 0.07330014495070354, 0.3372616941944608, 0.10126505992604394, 0.07881221546513976, 0.023663890264928714, 0.10888005374817562, 0.032691958076930566]
[0.21459647932301845, 0.06214573226230225, 0.3715974792384979, 0.10761219162100691, 0.06927936556408147, 0.020062849666638283, 0.11996486469894134, 0.034741037625513546]
[0.2128366086159919, 0.06390560296932876, 0.36855006895208603, 0.1106596019074187, 0.0687112167927585, 0.02063099843796125, 0.11898105242055687, 0.03572484990389802]
[0.24968698986722662, 0.0723077138572816, 0.34494567519154123, 0.09989400405411586, 0.07592046255309744, 0.02198606777678319, 0.10488506121267356, 0.030374025487280347]
[0.24763934760963163, 0.07435535611487677, 0.3421168320008227, 0.10272284724483431, 0.07529785122912512, 0.022608679100755494, 0.10402491594181369, 0.031234170758140195]
[0.21768575835413387, 0.06304036719833139, 0.37694690670463443, 0.109161350713066, 0.06619008653296622, 0.019168214730609114, 0.1146154372328047, 0.033191878533454414]
[0.215900552973911, 0.06482557257855406, 0.3738556266365435, 0.112252630781157, 0.0656472724348394, 0.01971102882873595, 0.1136754947360994, 0.034131821030159736]

Action: 1
[0.1302076464665011, 0.11166429622678815, 0.04000387665076102, 0.034306777318947365, 0.28160390749224673, 0.2414996584161844, 0.08651756087604585, 0.07419627655252538]
[0.09254891157867531, 0.14932303111461387, 0.02843393105878789, 0.0458767229109205, 0.20015825369683268, 0.32294531221159845, 0.061494899176906974, 0.09921893825166427]
[0.13486383758917547, 0.11565738203181136, 0.03534768552808654, 0.03031369151392416, 0.2916739890101796, 0.2501356225562448, 0.07644747935811301, 0.06556031241246504]
[0.095858436266357, 0.15466278335462988, 0.02512440637110621, 0.040536970670904504, 0.20731586009925693, 0.3344937514671674, 0.05433729277448274, 0.08767049899609532]
[0.12758141444601215, 0.10941207557574067, 0.039197015727804825, 0.03361482443015923, 0.2842301395127356, 0.24375187906723192, 0.08732442179900206, 0.07488822944131354]
[0.09068223998414772, 0.1463112500376051, 0.027860430943845153, 0.044951409214118894, 0.20202492529136032, 0.3259570932886072, 0.06206839929184972, 0.10014425194846586]
[0.13214369220375222, 0.11332462256383338, 0.03463473797006494, 0.02970227744206647, 0.294394134395603, 0.25246838202422267, 0.0771604269161346, 0.06617172648432271]
[0.09392501298755236, 0.15154330178003309, 0.02461765794044051, 0.03971935747169091, 0.20924928337806162, 0.3376132330417642, 0.05484404120514846, 0.08848811219530892]

