Action: 0
[0.1364838532230173, 0.22824817570599382, 0.17550498901237416, 0.29350500167897664, 0.027216488142965643, 0.045515375050299935, 0.03499776229706447, 0.058528354889307986]
[0.2733498498960992, 0.09138217903291197, 0.35150137741318105, 0.11750861327816976, 0.05450918019160942, 0.018222683001656165, 0.07009351542097707, 0.023432601765395404]
[0.11861020972235284, 0.1983572660789058, 0.1933786325130386, 0.32339591130606465, 0.023652273073417832, 0.03955477554906236, 0.03856197736661228, 0.06448895439054556]
[0.2375525181778952, 0.07941495762336351, 0.3872987091313851, 0.12947583468771823, 0.047370770546430956, 0.015836278076049242, 0.07723192506615552, 0.025819006691002323]
[0.14393673065413645, 0.24071196271993223, 0.1850886660611296, 0.3095322221250428, 0.01976361071184648, 0.0330515880363615, 0.02541408524830901, 0.042501134443241814]
[0.288276472195966, 0.09637222117810268, 0.37069556501022494, 0.12392532317594751, 0.03958255789174253, 0.013232640856465446, 0.05089932782393318, 0.017015891867617653]
[0.1250870737195583, 0.20918882129036626, 0.20393832299570774, 0.34105536355460875, 0.01717540907621238, 0.02872322033760191, 0.028002286883943107, 0.0468295021420014]
[0.250524380853406, 0.08375151415651856, 0.40844765635278496, 0.13654603019753164, 0.0343989078709201, 0.011499721542894192, 0.056082977844755605, 0.0187488111811889]

Action: 1
[0.12434076909608394, 0.12185020534652412, 0.04256505968188769, 0.041712475325105726, 0.25191525996754666, 0.24686936054938174, 0.08623710592469375, 0.08450976410877638]
[0.20363640093902777, 0.04255457350358029, 0.06971000438863713, 0.014567530618356282, 0.4125687596621629, 0.08621586085476551, 0.14123295203628766, 0.02951391799718245]
[0.12369660899768915, 0.12121894786889997, 0.04320921978028245, 0.04234373280272986, 0.250610187143665, 0.24559042852460666, 0.08754217874857537, 0.08578869613355143]
[0.2025814416926017, 0.04233411517398743, 0.07076496363506317, 0.014787988947949136, 0.41043140491721014, 0.08576921075106156, 0.14337030678124038, 0.029960568100886403]
[0.11209783334028144, 0.10985249738047438, 0.0383739862719705, 0.03760534972717623, 0.26415819572334914, 0.25886706851543145, 0.09042817933461093, 0.08861688970670586]
[0.18358579812899675, 0.03836453259175906, 0.06284616470458877, 0.013133171294557964, 0.43261936247219385, 0.09040590176658675, 0.14809679172033602, 0.030948277320980766]
[0.11151709902538817, 0.10928339525865273, 0.038954720586863764, 0.038174451848997884, 0.26278969711596606, 0.2575259811348539, 0.09179667794199405, 0.0899579770872834]
[0.18263471308548, 0.0381657811985609, 0.06379724974810554, 0.013331922687756119, 0.43037813352433185, 0.08993754472648809, 0.150338020668198, 0.031416634361079415]

