Action: 0
[0.1285491804979617, 0.06391039538585967, 0.32042622942944526, 0.15930530973054896, 0.06268985498018868, 0.031167319798896663, 0.15626294758914544, 0.07768876258795368]
[0.13348884094901473, 0.05897073493480669, 0.3327390016062991, 0.14699253755369512, 0.06509878980286377, 0.02875838497622157, 0.16226754364476406, 0.07168416653233504]
[0.11984616288399226, 0.059583543245657136, 0.3291292470434147, 0.16363216187075147, 0.05844563568609194, 0.029057234521501076, 0.16050716688324215, 0.07979884786534926]
[0.12445139917344414, 0.054978306956205265, 0.34177644338186963, 0.1509849655322965, 0.06069148115952783, 0.026811389048065192, 0.16667485228809997, 0.07363116246049141]
[0.13270508215086246, 0.06597657205686416, 0.3307853767329141, 0.1644555347063943, 0.058533953327287946, 0.029101143127892175, 0.14590380028567668, 0.07253853761210836]
[0.13780443823710953, 0.060877215970617106, 0.34349621189269286, 0.1517446995466155, 0.06078319251476897, 0.02685190394041116, 0.15151033335837036, 0.06693200453941468]
[0.12372070229757719, 0.06150983592913507, 0.3397697565861993, 0.16892227083412334, 0.05457109627250703, 0.02713094183802314, 0.14986665734045757, 0.07450873890197739]
[0.12847482253193787, 0.056755715694774396, 0.3528258275978644, 0.15586619982245817, 0.05666805780103411, 0.025033980309496065, 0.1556254680721052, 0.06874992817032977]

Action: 1
[0.05628837241499776, 0.09186583857999213, 0.024821534400698054, 0.04051016177463123, 0.20737480404981157, 0.33844752400979944, 0.09144625455876436, 0.14924551021130553]
[0.044558139671972787, 0.10359607132301712, 0.019648843078011836, 0.045682853097317455, 0.16415886775289804, 0.38166346030671305, 0.07238928411478679, 0.16830248065528314]
[0.05479565133169207, 0.08942963251823409, 0.02631425548400375, 0.042946367836389276, 0.20187539575515878, 0.32947217558513203, 0.09694566285341709, 0.15822085863597285]
[0.04337649465955613, 0.10084878919037005, 0.020830488090428496, 0.04843013522996453, 0.15980551034722087, 0.37154206099307, 0.07674264152046391, 0.17842387996892606]
[0.07632791065488097, 0.12457150950595017, 0.03365838766993261, 0.054932411009364406, 0.18733526580992832, 0.3057418530838414, 0.0826094012895298, 0.13482326097657235]
[0.060421532155082495, 0.14047788800574867, 0.026644137582678824, 0.0619466610966182, 0.14829547526978828, 0.34478164362398145, 0.0653939896101198, 0.15203867265598237]
[0.0743037575910973, 0.12126797610036884, 0.03568254073371629, 0.058235944414945735, 0.18236728949575357, 0.2976338320029973, 0.08757737760370454, 0.14293128205741637]
[0.05881920309378789, 0.13675253059767825, 0.02824646664397343, 0.0656720185046886, 0.1443628019129891, 0.33563831958576185, 0.06932666296691897, 0.161181996694202]

