Action: 0
[0.18756250457377183, 0.0815301248096242, 0.41970548811997094, 0.18243860044130863, 0.027720553073578427, 0.012049637303663414, 0.06202981926020156, 0.026963272417881018]
[0.20634821181527607, 0.06274441756811996, 0.4617419518864979, 0.14040213667478166, 0.030496961907509328, 0.009273228469732516, 0.06824254300002155, 0.02075054867806103]
[0.24157674304852972, 0.10500916511328853, 0.3656912496452131, 0.1589595601376443, 0.03570351623442452, 0.01551969110963838, 0.054046856099355466, 0.02349321861190605]
[0.26577235710038205, 0.0808135510614362, 0.402317806601392, 0.12233300318146544, 0.03927947511275346, 0.011943732231309437, 0.05946002979477741, 0.018080044916484107]
[0.20090953108759455, 0.08733184269552141, 0.4495719067342034, 0.19542100778742677, 0.01437352655975571, 0.006247919417766204, 0.03216340064596911, 0.013980865071762865]
[0.2210320371375976, 0.06720933664551838, 0.49459970289797134, 0.15039321162365882, 0.015813136585187813, 0.004808309392334103, 0.03538479198854812, 0.01075947372918386]
[0.25876744543288327, 0.11248166135738827, 0.39171399238891463, 0.17027118912555989, 0.018512813850070964, 0.008047194865538645, 0.02802411335565385, 0.012181589623990421]
[0.28468482953148433, 0.0865642772587872, 0.43094691050408457, 0.13103827101039, 0.020367002681651168, 0.006193006033958445, 0.03083092589208476, 0.009374777087559516]

Action: 1
[0.07061587676011867, 0.1128150244599382, 0.02250649461612552, 0.0359560888729154, 0.22131375848839432, 0.3535680391253009, 0.07053650173903442, 0.11268821593817266]
[0.1663547128703783, 0.017076188349678553, 0.05302010852747478, 0.005442474961566134, 0.5213641526064544, 0.05351764500724074, 0.16616772363442495, 0.01705699404278212]
[0.06599184225686079, 0.10542772588739892, 0.02713052911938338, 0.04334338744545467, 0.20682179857444513, 0.33041586871865997, 0.08502846165298356, 0.13584038634481352]
[0.15546155445636822, 0.015958013687891476, 0.06391326694148484, 0.00656064962335321, 0.487224438691926, 0.050013228601179086, 0.2003074375489533, 0.020561410448843766]
[0.11931098735546382, 0.190609712353636, 0.03802646398744301, 0.060750594082988954, 0.17261864789304918, 0.27577335123160307, 0.05501653236771692, 0.0878937107280991]
[0.28106915830306495, 0.028851541406034832, 0.08958157553712476, 0.009195482533307205, 0.4066497071737678, 0.04174229195088447, 0.12960625662477496, 0.013303986471041048]
[0.11149832329942524, 0.17812829985806747, 0.045839128043481565, 0.07323200657855744, 0.1613153175318807, 0.2577152947479914, 0.06631986272888539, 0.10595176721171075]
[0.26266432435601933, 0.026962298801473362, 0.10798640948417033, 0.01108472513786867, 0.3800216687922749, 0.0390089434875972, 0.15623429500626781, 0.016037334934328306]

