Action: 0
[0.05387086350261393, 0.043785401728536524, 0.09562909440481353, 0.07772584367888839, 0.144906393096732, 0.11777766722573103, 0.2572312052253631, 0.2090735311373214]
[0.07385824514640815, 0.023798020084742303, 0.13110978065790635, 0.042245157425795564, 0.19867013834112587, 0.06401392198133717, 0.3526701481946551, 0.1136345881680294]
[0.08250225912493894, 0.0670565557042164, 0.06699769878248853, 0.05445468970320852, 0.22192153633376902, 0.1803743803014519, 0.1802160619883261, 0.14647681806160054]
[0.11311257483902333, 0.03644623999013201, 0.09185545096529119, 0.02959693752040586, 0.3042597457716957, 0.09803617086352522, 0.24708054076408528, 0.07961233928584135]
[0.13339434539315986, 0.10842085353005813, 0.23679554436790898, 0.19246374317302897, 0.0653829112061861, 0.053142215424209424, 0.11606475526226762, 0.09433563164318082]
[0.1828868449958035, 0.0589283539274145, 0.32465236731639857, 0.10460692022453937, 0.08964153849173055, 0.02888358813866497, 0.15912756153616284, 0.05127282536928559]
[0.2042910422049217, 0.16604458831534932, 0.16589884755614712, 0.13484000838773783, 0.10013275325378623, 0.081386347690319, 0.08131491321466748, 0.06609149937707125]
[0.28008791571819136, 0.09024771480207966, 0.22745129659401073, 0.07328755934987422, 0.13728440489252766, 0.04423469605157756, 0.11148469513536573, 0.035921717456373]

Action: 1
[0.06451152935478195, 0.1448201764888025, 0.018971725710013695, 0.042589110707816076, 0.17363282418200768, 0.3897836013776604, 0.05106241237159423, 0.11462861980732346]
[0.1358449587958501, 0.07348674704773439, 0.03994965431976606, 0.021611182098063713, 0.36562679698529743, 0.19778962857437074, 0.10752452118268913, 0.0581665109962286]
[0.06445301596054126, 0.14468882136258476, 0.019030239104254394, 0.04272046583403381, 0.17347533534247614, 0.3894300589680464, 0.05121990121112575, 0.11498216221693743]
[0.13572174439201976, 0.0734200929311063, 0.04007286872359641, 0.021677836214691812, 0.3652951653354056, 0.19761022897511699, 0.10785615283258086, 0.05834591059548234]
[0.10969628714279984, 0.2462542094889749, 0.032259781962924984, 0.07241910653936122, 0.12844806639398978, 0.288349568377488, 0.03777435611868295, 0.08479862397577834]
[0.23099262652756794, 0.12495787010420685, 0.06793093878484853, 0.03674794971743769, 0.27047912925357953, 0.1463185055178983, 0.07954323671760667, 0.043029743376854626]
[0.10959679016666977, 0.24603085143519177, 0.03235927893905507, 0.0726424645931444, 0.12833156113634767, 0.28808802889543944, 0.03789086137632508, 0.08506016345782684]
[0.23078311106951133, 0.12484453053235027, 0.06814045424290519, 0.036861289289294295, 0.27023379865791414, 0.14618579137387305, 0.0797885673132721, 0.04316245752087986]

