Action: 0
[0.2123810194685215, 0.0930705891552966, 0.16338196261911395, 0.07159799664001226, 0.18060309191581297, 0.07914471928770572, 0.13893561527356377, 0.060885005639973275]
[0.2329588200051016, 0.07249278861871654, 0.1792121975735583, 0.055767761685567956, 0.19810189859370483, 0.06164591260981392, 0.15239722020267174, 0.047423400710865315]
[0.20592266978524143, 0.09024038139239013, 0.16984031230239408, 0.07442820440291875, 0.17511108550020776, 0.0767379869251614, 0.14442762168916898, 0.0632917380025176]
[0.22587471463089115, 0.07028833654674044, 0.18629630294776878, 0.05797221375754406, 0.1920777664125827, 0.05977130601278647, 0.15842135238379385, 0.04929800730789276]
[0.2936543387809074, 0.1286865577100169, 0.22590447263934516, 0.09899689912956985, 0.09932977260342701, 0.0435287507329854, 0.07641310525333254, 0.03348610315041567]
[0.3221067891234884, 0.10023410736743599, 0.2477925735154348, 0.07710879825348023, 0.10895392947531798, 0.033904593861094456, 0.0838168442607952, 0.02608236414295303]
[0.2847245275830636, 0.1247732946919341, 0.234834283837189, 0.10291016214765267, 0.09630922770238558, 0.04220507362561743, 0.07943365015437401, 0.034809780257783654]
[0.3123117599597529, 0.09718606231524482, 0.2575876026791703, 0.0801568433056714, 0.10564072108372094, 0.03287358024428208, 0.08713005265239226, 0.027113377759765408]

Action: 1
[0.06319006116141644, 0.10459397967524955, 0.02525752734764295, 0.04180697491806652, 0.20587722930020905, 0.3407738233076917, 0.08229062693932086, 0.1362097773504028]
[0.0625732959398802, 0.10521074489678575, 0.025011001799737035, 0.04205350046597242, 0.2038677690685715, 0.34278328353932913, 0.0814874310597515, 0.13701297322997213]
[0.06170611451134029, 0.10213770913357786, 0.02674147399771911, 0.044263245459738226, 0.20104243694312318, 0.3327711380081898, 0.08712541929640676, 0.14421246264990473]
[0.061103833318899146, 0.10273999032601898, 0.02648046442071811, 0.044524255036739215, 0.1990801665974328, 0.3347334083538801, 0.08627503353089026, 0.1450628484154212]
[0.09227242013309145, 0.1527319242710212, 0.03688195789194448, 0.06104806172412604, 0.17679487032853405, 0.29263587871192004, 0.07066619639501934, 0.11696869054434329]
[0.09137179717753369, 0.15363254722657893, 0.03652197234181488, 0.06140804727425561, 0.17506926783091806, 0.294361481209536, 0.06997646051767364, 0.11765842642168894]
[0.09010550739026083, 0.14914518890131317, 0.03904887063477512, 0.06463479709383409, 0.17264304406420267, 0.2857636582404545, 0.07481802265935075, 0.12384091101580887]
[0.0892260345395347, 0.15002466175203927, 0.038667734979813885, 0.0650159327487953, 0.17095796537679725, 0.2874487369278598, 0.0740877629717945, 0.1245711707033651]

