Action: 0
[0.23175876623326294, 0.07810070024098614, 0.19718135385457602, 0.06644841125452017, 0.17236175333325204, 0.058084420489804334, 0.14664612013334594, 0.04941847446025232]
[0.23179968334408968, 0.07805978313015939, 0.197216166308231, 0.06641359880086516, 0.17239218387565633, 0.05805398994740003, 0.146672010569541, 0.04939258402405725]
[0.2021912399508777, 0.06813669954931946, 0.22674888013696126, 0.07641241194618685, 0.15037203206148128, 0.05067407456269129, 0.1686358414051167, 0.05682882038736537]
[0.2022269369020987, 0.06810100259809845, 0.226788912750222, 0.0763723793329261, 0.15039858030904535, 0.05064752631512722, 0.168665614136152, 0.05679904765633007]
[0.19644974479693667, 0.06620186532819793, 0.16714028674306236, 0.05632483139806624, 0.20767077476957835, 0.06998325540259256, 0.17668718724485963, 0.05954205431670626]
[0.19648442808469482, 0.06616718204043977, 0.16716979543327257, 0.05629532270785601, 0.20770743913505124, 0.06994659103711967, 0.17671838144449947, 0.05951086011706642]
[0.17138690429749656, 0.05775590479411271, 0.1922031272425025, 0.06477079193215146, 0.18117636771486245, 0.061054869317898046, 0.20318159429957552, 0.06847044040140078]
[0.17141716272988022, 0.05772564636172903, 0.19223706078808717, 0.06473685838656676, 0.18120835448126382, 0.061022882551496654, 0.20321746609828686, 0.06843456860268943]

Action: 1
[0.03267133641333386, 0.046353193701650315, 9.81484204224515E-4, 0.0013925027999455088, 0.36870374472614603, 0.5231067343434365, 0.011076280961052164, 0.015714722850211124]
[0.04727491676854781, 0.031749613346436376, 0.0014201924120074156, 9.537945921626083E-4, 0.5335085967608819, 0.3583018823087007, 0.01602720665950742, 0.01076379715175587]
[0.0326256736087139, 0.046288408570098555, 0.0010271470088444822, 0.0014572879314972782, 0.36818842919558187, 0.5223756188389002, 0.011591596491616415, 0.016445838354747538]
[0.04720884339889691, 0.03170523877991555, 0.0014862657816583245, 9.98169158683436E-4, 0.5327629431852596, 0.3578011048492225, 0.016772860235129833, 0.011264574611234125]
[0.09880440012451629, 0.14018096595760657, 0.0029681968562055485, 0.00421119607963676, 0.3025706810149636, 0.4292789620874802, 0.009089568309071129, 0.012896029570519872]
[0.14296843364957917, 0.09601693243254371, 0.004294934787929719, 0.002884458147912591, 0.4378150798798505, 0.29403456322259336, 0.013152464283585116, 0.008833133596005889]
[0.09866630702782138, 0.1399850432693217, 0.0031062899529004716, 0.004407118767921653, 0.3021477957764743, 0.4286789841396769, 0.009512453547560426, 0.013496007518323163]
[0.1427686150817076, 0.0958827352154355, 0.004494753355801315, 0.0030186553650208103, 0.4372031715024488, 0.2936236084137025, 0.013764372660986842, 0.00924408840489675]

