Action: 0
[0.2089436763597885, 0.09277470405852374, 0.25268025591842247, 0.11219452233575801, 0.10450639980945353, 0.0464026980067521, 0.12638192410999285, 0.056115819401308734]
[0.16402533897876131, 0.13769304143955094, 0.19835950698451355, 0.16651527126966698, 0.08203980112170801, 0.06886929669449762, 0.09921256438138919, 0.0832851791299124]
[0.2015271607770667, 0.08948163938999729, 0.26009677150114424, 0.11548758700428446, 0.10079691524316144, 0.04475562096262652, 0.13009140867628494, 0.05776289644543431]
[0.1582032126349974, 0.13280558753206662, 0.20418163332827746, 0.17140272517715127, 0.07912777490477273, 0.06642476130101524, 0.10212459059832447, 0.08572971452339478]
[0.17298602168089725, 0.0768088666156695, 0.2091958607705008, 0.0928866784167796, 0.14046405448834484, 0.06236853544960635, 0.1698663192579146, 0.07542366332028719]
[0.13579779651209944, 0.1139970917844673, 0.1642233092364542, 0.13785922995082622, 0.1102673435883699, 0.09256524634958128, 0.13334876212944863, 0.1119412204487532]
[0.16684583334047456, 0.07408251391588547, 0.2153360491109235, 0.09561303111656365, 0.13547824267975364, 0.06015474643673838, 0.1748521310665058, 0.07763745233315517]
[0.13097761486564932, 0.10995073239071072, 0.16904349088290432, 0.14190558934458283, 0.10635337267412084, 0.08927961644237119, 0.13726273304369768, 0.11522685035596329]

Action: 1
[0.08485375801222074, 0.14153368819776088, 0.03318891335326205, 0.055358176516903064, 0.1845792456473924, 0.3078730042513086, 0.07219461735235706, 0.12041859666879523]
[0.12134213121092066, 0.10504531499906096, 0.047460637845637865, 0.04108645202452726, 0.26395105613275216, 0.22850119376594885, 0.1032393725005115, 0.08937384152064079]
[0.08838525548834104, 0.1474241269286466, 0.02965741587714174, 0.049467737786017325, 0.19226118166788164, 0.32068625805348533, 0.06451268133186781, 0.10760534286661846]
[0.12639222492694335, 0.10941715749004433, 0.042410544129615174, 0.03671460953354389, 0.2749363384630628, 0.23801110125830421, 0.09225409017020085, 0.07986393402828543]
[0.08268948882545404, 0.13792374790246195, 0.03234240113983257, 0.05394621788975694, 0.18674351483415905, 0.3114829445466074, 0.07304112956578653, 0.12183055529594132]
[0.11824719420649742, 0.1023660425214186, 0.04625011283790852, 0.04003850619168099, 0.2670459931371753, 0.23118046624359118, 0.10444989750824082, 0.09042178735348703]
[0.0861309123749769, 0.14366394585037665, 0.028900977590309726, 0.04820601994184227, 0.19451552478124573, 0.3244464391317552, 0.06526911961869981, 0.10886706071079351]
[0.12316848087288658, 0.10662637735246697, 0.041328826171519374, 0.035778171360632625, 0.2781600825171195, 0.2408018813958815, 0.09333580812829664, 0.0808003722011967]

