Action: 0
[0.23197329580378456, 0.0768731776376578, 0.3140750202076613, 0.10408070780869859, 0.08710867580321487, 0.028866774020686353, 0.11793883006386538, 0.03908351865443102]
[0.2326370256735573, 0.07620944776788492, 0.31497366231876744, 0.10318206569759253, 0.08735791410388488, 0.028617535720016348, 0.118276280648633, 0.038746068069663415]
[0.2514534440723811, 0.08332866594320139, 0.2945948719390648, 0.09762521950315503, 0.09442369848394211, 0.03129088510644982, 0.11062380738313816, 0.03665940756866757]
[0.2521729112037585, 0.08260919881182399, 0.2954377767885664, 0.09678231465365345, 0.0946938667758615, 0.031020716814530416, 0.11094032797665639, 0.03634288697514934]
[0.23510815980465125, 0.07791203409901688, 0.318319398729805, 0.10548724412126707, 0.08397381180234824, 0.02782791755932729, 0.11369445154172174, 0.037676982341862564]
[0.2357808592537364, 0.07723933464993164, 0.3192301850008412, 0.1045764578502308, 0.08421408052370591, 0.02758764883796959, 0.11401975796655917, 0.03735167591702511]
[0.2548515608555438, 0.08445476123016296, 0.2985759976789123, 0.09894451699012102, 0.09102558170077926, 0.030164789819488252, 0.10664268164329074, 0.03534011008170161]
[0.255580750794032, 0.08372557129167475, 0.29943029346054556, 0.09809022120848773, 0.09128602718558784, 0.029904344334679672, 0.1069478113046773, 0.03503498042031505]

Action: 1
[0.0831071726702721, 0.1176644718542077, 0.026879369443392694, 0.03805624361544744, 0.22967002967698227, 0.3251705222833187, 0.07428222353629443, 0.10516996692008465]
[0.06113843974190462, 0.13963320478257518, 0.01977401776782014, 0.04516159529102, 0.16895854856761855, 0.38588200339268247, 0.05464629708420999, 0.1248058933721691]
[0.07693319218622424, 0.10892325097576558, 0.03305334992744055, 0.04679746449388956, 0.2126079851453723, 0.3010138051906798, 0.09134426806790438, 0.1293266840127236]
[0.05659650284688743, 0.12925994031510218, 0.02431595466283711, 0.055534859758492996, 0.15640672243814333, 0.3572150678979088, 0.06719812321368519, 0.15347282886694283]
[0.0876753469651039, 0.12413216650039582, 0.02835685496729281, 0.040148091385695674, 0.22510185538215052, 0.31870282763713065, 0.07280473801239433, 0.10307811914983644]
[0.06449905278986814, 0.1473084606756314, 0.020860941516638937, 0.04764400483634954, 0.1655979355196548, 0.37820674749962635, 0.053559373335391194, 0.12232348382683957]
[0.08116199963656094, 0.11491046458476604, 0.034870202295835775, 0.04936979330132545, 0.20837917769503567, 0.2950265915816793, 0.08952741569950919, 0.12675435520528772]
[0.05970745802891862, 0.13636500619240832, 0.025652536277588654, 0.05858745931957256, 0.15329576725611233, 0.3501100020206026, 0.06586154159893363, 0.15042022930586324]

