Action: 0
[0.09976643061797866, 0.036888237950073566, 0.2812901361584391, 0.10400590069573169, 0.09137504995014192, 0.0337855585729783, 0.25763074896785715, 0.09525793708679975]
[0.09209139105891839, 0.04456327750913382, 0.25965046328233626, 0.1256455735718345, 0.08434555998308214, 0.04081504854003807, 0.23781119465774936, 0.11507749139690751]
[0.24855980305430636, 0.09190399118316622, 0.1324967637221114, 0.04899014746263902, 0.22765337277278297, 0.0841739223600717, 0.1213524261452161, 0.04486957329970634]
[0.22943807734539595, 0.11102571689207662, 0.1223037769958587, 0.0591831341888917, 0.2101399804326772, 0.10168731470017747, 0.11201677420815431, 0.054205225236768115]
[0.13097444422219923, 0.048427275927585056, 0.36928071917909366, 0.13654006618332293, 0.06016703634592133, 0.02224652059546679, 0.16964016594720252, 0.06272377159920849]
[0.12089856965793311, 0.05850315049185116, 0.3408719236499589, 0.16494886171245768, 0.0555383813840674, 0.026875175557320715, 0.1565897342901267, 0.0757742032562843]
[0.3263119854981604, 0.12065254908345817, 0.1739431779031325, 0.06431479302744982, 0.1499011903289289, 0.05542536445977974, 0.07990601196419493, 0.02954492773489553]
[0.30120877811887825, 0.14575575646274028, 0.16056171518901372, 0.07769625574156858, 0.13836927965919485, 0.06695727512951379, 0.07375883601499925, 0.03569210368409121]

Action: 1
[0.16666666666666666, 0.16666666666666666, 0.08333333333333333, 0.08333333333333333, 0.16666666666666666, 0.16666666666666666, 0.08333333333333333, 0.08333333333333333]
[0.1111111111111111, 0.2222222222222222, 0.05555555555555555, 0.1111111111111111, 0.1111111111111111, 0.2222222222222222, 0.05555555555555555, 0.1111111111111111]
[0.125, 0.125, 0.125, 0.125, 0.125, 0.125, 0.125, 0.125]
[0.08333333333333333, 0.16666666666666666, 0.08333333333333333, 0.16666666666666666, 0.08333333333333333, 0.16666666666666666, 0.08333333333333333, 0.16666666666666666]
[0.1111111111111111, 0.1111111111111111, 0.05555555555555555, 0.05555555555555555, 0.2222222222222222, 0.2222222222222222, 0.1111111111111111, 0.1111111111111111]
[0.07407407407407407, 0.14814814814814814, 0.037037037037037035, 0.07407407407407407, 0.14814814814814814, 0.2962962962962963, 0.07407407407407407, 0.14814814814814814]
[0.08333333333333333, 0.08333333333333333, 0.08333333333333333, 0.08333333333333333, 0.16666666666666666, 0.16666666666666666, 0.16666666666666666, 0.16666666666666666]
[0.05555555555555555, 0.1111111111111111, 0.05555555555555555, 0.1111111111111111, 0.1111111111111111, 0.2222222222222222, 0.1111111111111111, 0.2222222222222222]

