Action: 0
[0.133302434264543, 0.22234744530834066, 0.19018600234013786, 0.3172288037127296, 0.02114999147443184, 0.035278024730595325, 0.03017523536042517, 0.050332062808796485]
[0.2778322487672057, 0.07781763080567797, 0.3963903960624098, 0.11102440999045766, 0.044081338237884064, 0.012346677967143093, 0.0628919760056969, 0.017615322163524745]
[0.1484764740240459, 0.24765762808292544, 0.17501196258063498, 0.29191862093814486, 0.023557530491380915, 0.03929378147841615, 0.027767696343476107, 0.04631630606097568]
[0.309458359817055, 0.08667574228991631, 0.3647642850125605, 0.10216629850621933, 0.04909919093325429, 0.013752121036542771, 0.0578741233103267, 0.016209879094125076]
[0.12974931695299238, 0.21642087268824667, 0.18511667872982554, 0.3087732105316079, 0.024703108785982458, 0.041204597350689307, 0.03524455897073746, 0.058787655989918176]
[0.270426753299338, 0.07574343634190099, 0.3858247857181403, 0.10806510354329311, 0.051486833705751696, 0.014420872430920067, 0.07345758634996635, 0.020574628610689278]
[0.14451889940717216, 0.24105642375733374, 0.1703470962756458, 0.2841376594625209, 0.027515105108254632, 0.04589498580400786, 0.03243256264846529, 0.05409726753659964]
[0.30120988437445384, 0.08436543879005202, 0.35504165464302456, 0.09944310109514211, 0.05734766637585544, 0.016062424536407046, 0.06759675367986262, 0.018933076505202304]

Action: 1
[0.036504009022332265, 0.06748620248596926, 0.0013746388257813683, 0.00254134153004955, 0.30178991453949106, 0.5579292747921367, 0.01136456364289821, 0.021010055161341624]
[0.05469447630083381, 0.04929573520746773, 0.0020596409186976867, 0.001856339437133232, 0.4521761245049205, 0.4075430648267073, 0.017027687464561684, 0.015346931339678151]
[0.036865371664091075, 0.06815426588683246, 0.0010132761840225578, 0.0018732781291863603, 0.3047774110828827, 0.5634523612161544, 0.008377067099506535, 0.015486968737323898]
[0.05523591109046452, 0.04978372646045902, 0.0015182061290669783, 0.0013683481841419401, 0.45665233309865044, 0.41157743920038675, 0.012551478870831747, 0.01131255696599869]
[0.10677828341046623, 0.19740464262252524, 0.004020971341435843, 0.007433706417626823, 0.23151564015135703, 0.4280108346555806, 0.008718231127243735, 0.016117690273764352]
[0.15998742187096712, 0.1441955041620244, 0.006024678593684051, 0.005429999165378616, 0.34688317893478715, 0.31264329587215056, 0.013062649789575321, 0.011773271611432767]
[0.10783530929910415, 0.19935880231796826, 0.0029639454527979328, 0.0054795467221838146, 0.23380747344786962, 0.43224782478501855, 0.00642639783073116, 0.011880700144326444]
[0.16157117880517413, 0.1456229328118983, 0.004440921659477041, 0.004002570515504707, 0.3503170653839408, 0.3157382328489474, 0.009628763340421682, 0.008678334634635923]

