Action: 0
[0.3326684739032152, 0.04561537900771263, 0.3843243306598049, 0.05269841112155665, 0.07536020643484825, 0.010333363839054914, 0.08706193453391095, 0.011937900499896542]
[0.35786471489301847, 0.02041913801790936, 0.41343297549149577, 0.023589766289865876, 0.0810679727888256, 0.0046255974850775775, 0.09365598733914642, 0.005343847694661083]
[0.3565934976915989, 0.04889596948588693, 0.3603993068714212, 0.04941782064338234, 0.08078000083404885, 0.011076524057282686, 0.08164214013471034, 0.01119474028166877]
[0.3836018150046738, 0.021887652172812126, 0.38769587537984046, 0.02212125213496311, 0.08689826128803874, 0.004958263603292813, 0.08782569883993328, 0.005011181576445847]
[0.3358453967054272, 0.046050997495995664, 0.38799455740294153, 0.05320167126511064, 0.07218328363263621, 0.009897745350771868, 0.08339170779077437, 0.011434640356342557]
[0.36128225716719714, 0.020614137034225776, 0.417381184444435, 0.023815044223617216, 0.07765043051464693, 0.004430598468761158, 0.08970777838620721, 0.005118569760909743]
[0.3599989000750739, 0.04936291701047014, 0.3638410540332948, 0.04988975175063617, 0.07737459845057389, 0.010609576532699483, 0.0782003929728367, 0.01072280917441494]
[0.38726514185605687, 0.02209667522948723, 0.3913982997555753, 0.02233250602835576, 0.08323493443665568, 0.004749240546617707, 0.08412327446419846, 0.004799927683053195]

Action: 1
[0.3886343250104613, 0.23515566654015965, 0.04318159166782904, 0.026128407393351077, 0.17208466254487373, 0.10412534590450533, 0.019120518060541526, 0.01156948287827837]
[0.5614109923955589, 0.0623789991550621, 0.062378999155062106, 0.0069309999061180115, 0.24858900760444114, 0.027621000844937904, 0.027621000844937908, 0.0030690000938819895]
[0.363838758662286, 0.22015231362816723, 0.0679771580160043, 0.041131760305343476, 0.16110535270774104, 0.0974819622485908, 0.030099827897674184, 0.018212866534192868]
[0.5255919650614079, 0.05839910722904532, 0.09819802648921301, 0.010910891832134778, 0.2327285834606987, 0.025858731495633187, 0.04348142498868035, 0.004831269443186705]
[0.5046470887998016, 0.3053529112001985, 0.056071898755533506, 0.033928101244466505, 0.056071898755533506, 0.033928101244466505, 0.006230210972837057, 0.003769789027162945]
[0.7290000000000001, 0.08100000000000002, 0.08100000000000002, 0.009000000000000001, 0.08100000000000002, 0.009000000000000001, 0.009000000000000003, 0.0010000000000000002]
[0.47244970023302435, 0.28587084828908227, 0.08826928732231064, 0.05341016415558271, 0.052494411137002706, 0.03176342758767581, 0.00980769859136785, 0.005934462683953636]
[0.682488493669896, 0.07583205485221067, 0.12751150633010402, 0.014167945147789336, 0.07583205485221066, 0.008425783872467852, 0.014167945147789338, 0.0015742161275321487]

