Action: 0
[0.2923359805268409, 0.08259927873106976, 0.4148167363917325, 0.11720611048213918, 0.029989801171794738, 0.008473592411081938, 0.04255470511943582, 0.012023795165905115]
[0.2907580961966894, 0.08417716306122124, 0.41257776181509126, 0.11944508505878045, 0.029827931130180108, 0.008635462452696568, 0.04232501597114431, 0.012253484314196627]
[0.2333772388712133, 0.06594053721430604, 0.4737754780473601, 0.1338648519989029, 0.02394141487187727, 0.0067646260876081275, 0.048603091419353296, 0.013732761489378926]
[0.23211758452567136, 0.06720019155984801, 0.4712182734861094, 0.1364220565601537, 0.023812191013425396, 0.006893849946060003, 0.048340756087899034, 0.013995096820833195]
[0.29714237332360277, 0.08395732086326049, 0.4216368759112551, 0.119133135011048, 0.025183408375032853, 0.007115550278891201, 0.03573456559991323, 0.010096770636996304]
[0.2955385464739404, 0.0855611477129229, 0.41936108961113766, 0.12140892131116549, 0.025047480852929155, 0.007251477800994904, 0.03554168817509794, 0.010289648061811606]
[0.2372142714452306, 0.06702468745304939, 0.4815649777896273, 0.13606576842125911, 0.02010438229785997, 0.005680475848864767, 0.040813591677086127, 0.01153184506702274]
[0.23593390670488226, 0.06830505219339775, 0.4789657293801958, 0.13866501683069063, 0.019995868834214482, 0.005788989312510257, 0.04059330019381261, 0.011752136550296255]

Action: 1
[0.09503445465704363, 0.09188608431882053, 0.028894951940042143, 0.027937699015924185, 0.2948453852072943, 0.28507753344765036, 0.08964688928928938, 0.0866770021239354]
[0.12774898322176995, 0.059171555754094225, 0.03884171002930784, 0.017990940926658493, 0.396342550749527, 0.1835803679054177, 0.12050680984101898, 0.05581708157220582]
[0.0917652587305332, 0.08872519268596875, 0.03216414786655257, 0.03109859064877597, 0.28470267080178113, 0.2752708342410313, 0.09978960369480254, 0.0964837013305544]
[0.12335440383399308, 0.057136047582508884, 0.043236289417084704, 0.02002644909824384, 0.38270832243634256, 0.17726518260646995, 0.1341410381542034, 0.06213226687115355]
[0.11031217290611368, 0.10665767123747277, 0.0335400981257436, 0.03242895742986382, 0.27956766695822427, 0.27030594652899814, 0.08500174310358793, 0.08218574370999578]
[0.14828588196350145, 0.06868396218008502, 0.0450858948808054, 0.020883160674802014, 0.3758056520077955, 0.1740679614794269, 0.11426262498952143, 0.0529248618240623]
[0.10651742175390669, 0.10298863535360357, 0.0373348492779506, 0.03609799331373302, 0.2699505077784077, 0.26100739157339653, 0.09461890228340451, 0.09148429866559735]
[0.14318483094970313, 0.06632122615780715, 0.05018694589460374, 0.02324589669707989, 0.3628778953206326, 0.1680800040311717, 0.12719038167668437, 0.05891281927231751]

