Action: 0
[0.13715171585231908, 0.1274442520152373, 0.11482908510337982, 0.10670159516160962, 0.14497993930212894, 0.13471840149247322, 0.12138319732239428, 0.11279181375045787]
[0.193187365467268, 0.07140860240028835, 0.16174444695992884, 0.05978623330506056, 0.2042139418039889, 0.0754843989906132, 0.17097635240638792, 0.06319865866646418]
[0.12489491907038663, 0.11605497927979354, 0.12708588188531228, 0.1180908678970534, 0.13202355999298115, 0.12267906199446785, 0.134339576631542, 0.12483115324846321]
[0.17592284737754277, 0.06502705097263736, 0.1790089650496541, 0.06616778473271155, 0.18596401493158984, 0.06873860705585913, 0.18922627927878694, 0.06994445060121822]
[0.21156739295124405, 0.19659286052620809, 0.17713296563097874, 0.16459566817515037, 0.07056426220320396, 0.06556979298150244, 0.05907931679479534, 0.054897740736917125]
[0.2980068241146834, 0.11015342936276869, 0.24950363001291093, 0.09222500379321812, 0.09939448315657352, 0.03673957202813284, 0.08321716935340583, 0.03075988817830662]
[0.19266031238741893, 0.17902400456786843, 0.1960400461948039, 0.18216452413349005, 0.06425816667594889, 0.05971003670639298, 0.06538541232205042, 0.06075749701202659]
[0.27137493649954203, 0.10030938045574528, 0.27613551762805233, 0.10206905270024154, 0.09051192580959061, 0.03345627757275123, 0.09209972670038875, 0.03404318263368824]

Action: 1
[0.1111111111111111, 0.2222222222222222, 0.05555555555555555, 0.1111111111111111, 0.1111111111111111, 0.2222222222222222, 0.05555555555555555, 0.1111111111111111]
[0.16666666666666666, 0.16666666666666666, 0.08333333333333333, 0.08333333333333333, 0.16666666666666666, 0.16666666666666666, 0.08333333333333333, 0.08333333333333333]
[0.08333333333333333, 0.16666666666666666, 0.08333333333333333, 0.16666666666666666, 0.08333333333333333, 0.16666666666666666, 0.08333333333333333, 0.16666666666666666]
[0.125, 0.125, 0.125, 0.125, 0.125, 0.125, 0.125, 0.125]
[0.07407407407407407, 0.14814814814814814, 0.037037037037037035, 0.07407407407407407, 0.14814814814814814, 0.2962962962962963, 0.07407407407407407, 0.14814814814814814]
[0.1111111111111111, 0.1111111111111111, 0.05555555555555555, 0.05555555555555555, 0.2222222222222222, 0.2222222222222222, 0.1111111111111111, 0.1111111111111111]
[0.05555555555555555, 0.1111111111111111, 0.05555555555555555, 0.1111111111111111, 0.1111111111111111, 0.2222222222222222, 0.1111111111111111, 0.2222222222222222]
[0.08333333333333333, 0.08333333333333333, 0.08333333333333333, 0.08333333333333333, 0.16666666666666666, 0.16666666666666666, 0.16666666666666666, 0.16666666666666666]

