Action: 0
[0.28556762043163164, 0.09099274712078964, 0.42407716004906587, 0.1351271748727048, 0.019602706763422496, 0.006246170825358459, 0.029110654075352616, 0.00927576586167448]
[0.282470601062518, 0.09408976648990329, 0.41947798603667075, 0.1397263488850999, 0.01939011276399913, 0.006458764824781826, 0.028794945104627344, 0.009591474832399747]
[0.3113950803174488, 0.09922236195811025, 0.39824970016324873, 0.1268975600353842, 0.021375625282057355, 0.006811090357159962, 0.027337735556717754, 0.008710846329872976]
[0.30801795866152654, 0.10259948361403247, 0.39393062843766213, 0.13121663176097073, 0.021143803742117405, 0.007042911897099909, 0.027041254126509064, 0.009007327760081663]
[0.27292570011594214, 0.08696454862731895, 0.4053034991664318, 0.1291451697187488, 0.03224462707911201, 0.01027436931882915, 0.047884314957986625, 0.015257771015630498]
[0.26996578407815613, 0.08992446466510497, 0.4009079280390375, 0.1335407408461431, 0.03189492974836101, 0.01062406664958015, 0.04736500310226057, 0.015777082871356547]
[0.29760979266431514, 0.09482984297604574, 0.3806194066180589, 0.12127987537002201, 0.03516091293519099, 0.011203609339224463, 0.04496802910190764, 0.014328530995235187]
[0.2943821743127452, 0.09805746132761564, 0.37649153780444844, 0.12540774418363243, 0.03477958809089872, 0.01158493418351673, 0.04448034475972285, 0.01481621533741997]

Action: 1
[0.05276917669881283, 0.06331543437334328, 0.0017666995073081393, 0.002119785710336901, 0.3870799063781981, 0.4644403028952323, 0.012959343364222477, 0.015549351072545911]
[0.0865246945004486, 0.029559916571707506, 0.0028968262290013868, 9.896589886436535E-4, 0.6346881407264655, 0.21683206854696496, 0.021249208262538462, 0.007259486174229926]
[0.052667193352902715, 0.06319306900308176, 0.0018686828532182508, 0.002242151080598418, 0.38633182375768776, 0.46354271117544665, 0.01370742598473282, 0.01644694279233158]
[0.08635747419494012, 0.029502788161044347, 0.0030640465345098578, 0.0010467873993068107, 0.6334615227602578, 0.21641301217287665, 0.02247582622874616, 0.007678542548318241]
[0.18679827761097464, 0.22413110885994375, 0.006253961984378325, 0.007503856310955064, 0.25305080546603637, 0.3036246284086319, 0.008472080887152292, 0.01016528047192775]
[0.30628986303406147, 0.10463952343685691, 0.010254511894401562, 0.0035033064009318275, 0.4149229721928527, 0.14175246168181557, 0.01389152259713829, 0.004745838761941753]
[0.18643726547182862, 0.2236979461343901, 0.0066149741235243505, 0.007937019036508725, 0.25256175163876193, 0.30303783404413837, 0.00896113471442672, 0.010752074836421275]
[0.30569791775455013, 0.1044372938516686, 0.010846457173912926, 0.0037055359861201493, 0.41412107920064783, 0.1414785064822524, 0.014693415589343093, 0.005019793961504902]

