Action: 0
[0.14370528839509142, 0.07117956223839807, 0.3391057798920294, 0.16796459778754871, 0.05534485039381318, 0.02741320286244814, 0.1305989422198798, 0.06468777621079123]
[0.1614365583751368, 0.05344829225835267, 0.38094680190458324, 0.12612357577499483, 0.0621736490782424, 0.020584404178018906, 0.1467130680775343, 0.048573650353136745]
[0.19381030137089247, 0.09599738856474359, 0.2890007669162284, 0.14314677146120325, 0.07464166596751547, 0.0369712288785467, 0.11130212664617756, 0.055129750194692684]
[0.21772384565934774, 0.07208384427628829, 0.3246595146203724, 0.10748802375705922, 0.08385142815380109, 0.027761466692261077, 0.12503528900197566, 0.041396587838894584]
[0.15168105220086847, 0.07513008752909756, 0.35792643455128437, 0.17728677357277609, 0.047369086588036076, 0.02346267757174864, 0.1117782875606248, 0.055365600425563856]
[0.17039642250816486, 0.05641471722180116, 0.4020896683118636, 0.13312353981219688, 0.05321378494521431, 0.017617979214570402, 0.12557020167025396, 0.041573686315934694]
[0.20456693534118073, 0.10132532399227481, 0.3050405514109722, 0.15109153710959888, 0.06388503199722717, 0.03164329345101546, 0.09526234215143373, 0.04718498454629705]
[0.22980770135636422, 0.07608455797709132, 0.3426783894636643, 0.11345369905690675, 0.07176757245678458, 0.023760752991458047, 0.10701641415868371, 0.03543091253904706]

Action: 1
[0.024256679199692224, 0.034832661054196114, 7.324309751385608E-4, 0.0010517729855997575, 0.3742198595437813, 0.5373807939630418, 0.011299577093196858, 0.016226225185353434]
[0.033858784763558206, 0.025230555490330143, 0.0010223667690544482, 7.618371916838702E-4, 0.5223563198503545, 0.3892443336564687, 0.015772560850895016, 0.011753241427655277]
[0.024291357711370896, 0.03488245949664665, 6.977524634598924E-4, 0.0010019745431492193, 0.3747548621986271, 0.5381490593132129, 0.01076457443835104, 0.015457959835182339]
[0.0339071909057668, 0.025266626302250753, 9.73960626845853E-4, 7.257663797632588E-4, 0.5231031054919185, 0.3898008160199215, 0.015025775209330914, 0.011196759064202465]
[0.06565913894259427, 0.09428671225230097, 0.0019825791802157633, 0.0028469894015186506, 0.33281739980087927, 0.477926742764937, 0.010049428888119653, 0.014431008769434537]
[0.09165057734885942, 0.06829527384603581, 0.002767391248695284, 0.0020621773330391302, 0.4645645272650532, 0.3461796153007631, 0.014027536371254179, 0.010452901286300014]
[0.06575300839594718, 0.09442150905713426, 0.0018887097268628506, 0.0027121925966853595, 0.3332932115140508, 0.47861000975272533, 0.00957361717494808, 0.013747741781646195]
[0.0917816054088335, 0.06839291204424795, 0.0026363631887212106, 0.0019645391348269998, 0.46522869098885183, 0.34667453027792433, 0.013363372647455553, 0.009957986309138724]

