Action: 0
[0.1894663516222393, 0.13647458851749894, 0.22378761597128322, 0.1611965530739024, 0.07704041424436879, 0.05549301363115375, 0.09099605544504343, 0.06554540749451016]
[0.24726799822091153, 0.07867294191882673, 0.2920598584078825, 0.09292431063730314, 0.10054359969044155, 0.031989828185081, 0.11875677281608614, 0.03778469012346746]
[0.17991148683685976, 0.12959211979014973, 0.23334248075666278, 0.16807902180125164, 0.07315523497738086, 0.05269447849687263, 0.09488123471203137, 0.06834394262879127]
[0.2347981730064436, 0.07470543362056606, 0.30452968362235056, 0.09689181893556378, 0.09547314527016054, 0.030376568204092923, 0.1238272272363671, 0.039397950104455515]
[0.2078057148043208, 0.1496846230303172, 0.24544910008078044, 0.1767995459283601, 0.058701051062287304, 0.04228297911833549, 0.06933457133554626, 0.04994241464005245]
[0.2712022619244793, 0.0862880759101587, 0.3203297425767016, 0.10191890343243895, 0.07660933598687375, 0.024374694193749047, 0.09048688864726705, 0.028790097328331658]
[0.19732598851211194, 0.1421359669166619, 0.2559288263729891, 0.18434820204201546, 0.05574073330212846, 0.040150631370360484, 0.0722948890957051, 0.052074762388027454]
[0.2575254221057443, 0.08193653332302969, 0.33400658239543657, 0.10627044601956792, 0.07274589617085962, 0.02314546850162931, 0.09435032846328113, 0.030019323020451384]

Action: 1
[0.16666666666666666, 0.16666666666666666, 0.08333333333333333, 0.08333333333333333, 0.16666666666666666, 0.16666666666666666, 0.08333333333333333, 0.08333333333333333]
[0.1111111111111111, 0.2222222222222222, 0.05555555555555555, 0.1111111111111111, 0.1111111111111111, 0.2222222222222222, 0.05555555555555555, 0.1111111111111111]
[0.125, 0.125, 0.125, 0.125, 0.125, 0.125, 0.125, 0.125]
[0.08333333333333333, 0.16666666666666666, 0.08333333333333333, 0.16666666666666666, 0.08333333333333333, 0.16666666666666666, 0.08333333333333333, 0.16666666666666666]
[0.1111111111111111, 0.1111111111111111, 0.05555555555555555, 0.05555555555555555, 0.2222222222222222, 0.2222222222222222, 0.1111111111111111, 0.1111111111111111]
[0.07407407407407386, 0.14814814814814817, 0.03703703703703704, 0.07407407407407408, 0.14814814814814817, 0.29629629629629634, 0.07407407407407408, 0.14814814814814817]
[0.08333333333333312, 0.08333333333333334, 0.08333333333333334, 0.08333333333333334, 0.16666666666666669, 0.16666666666666669, 0.16666666666666669, 0.16666666666666669]
[0.05555555555555534, 0.11111111111111112, 0.05555555555555556, 0.11111111111111112, 0.11111111111111112, 0.22222222222222224, 0.11111111111111112, 0.22222222222222224]

