Action: 0
[0.24583519805413778, 0.10120540648276, 0.37773986842046203, 0.15550790623488456, 0.03343146485434797, 0.01376306166358362, 0.05136936140610621, 0.02114773288371786]
[0.25523209293642557, 0.09180851160047224, 0.39217873585886115, 0.1410690387964854, 0.034709361443135155, 0.012485165074796432, 0.053332922739569646, 0.01918417155025443]
[0.26135894191465103, 0.10759621959647657, 0.36221612455994884, 0.14911709312116803, 0.03554256001642626, 0.014632157080729178, 0.04925826624402791, 0.0202786374665723]
[0.27134922208265644, 0.09760593942847118, 0.37606160671263034, 0.1352716109684865, 0.036901151881893024, 0.013273565215262418, 0.05114113230081178, 0.01839577140978844]
[0.24370716972436604, 0.10032934002105685, 0.37447003095355064, 0.15416177991696628, 0.03555949318411972, 0.01463912812528676, 0.05463919887301758, 0.022493859201636122]
[0.25302272207035437, 0.09101378767506851, 0.3887839109239145, 0.1398478999466024, 0.03691873230920634, 0.013279889000200145, 0.05672774767451627, 0.020405310400137436]
[0.25909653507854347, 0.10666483220650964, 0.35908066559937324, 0.14782628773151352, 0.03780496685253386, 0.0155635444706961, 0.05239372520460344, 0.021569442856226785]
[0.2690003361768788, 0.0967610311081743, 0.37280629681739014, 0.13410065651349665, 0.03925003778767066, 0.014118473535559298, 0.05439644219605195, 0.019566725864778284]

Action: 1
[0.10146600948976849, 0.09469598653662642, 0.03462535790285122, 0.0323150820879075, 0.28418610010587636, 0.2652246130980058, 0.09697873678745308, 0.09050811399151092]
[0.16020958118436432, 0.035952414842030586, 0.05467164931260934, 0.01226879067814939, 0.4487151540237849, 0.10069555918009732, 0.15312440966817817, 0.034362441110785825]
[0.09584886108983501, 0.08945362594780312, 0.04024250630278471, 0.037557442676730814, 0.26845358529110946, 0.2505418043566542, 0.11271125160222, 0.10519092273286257]
[0.15134039437856497, 0.033962092659073136, 0.06354083611840869, 0.014259112861106838, 0.4238743268135183, 0.09512106283424539, 0.17796523687844482, 0.03993693745663776]
[0.23473515128156797, 0.21907313431572153, 0.08010356045709867, 0.07475888448482004, 0.1509169583140769, 0.14084746531891076, 0.05150053423320565, 0.0480643115945984]
[0.37063466342253815, 0.08317362217475134, 0.12647937902300438, 0.028383065918914357, 0.2382900717856111, 0.053474351847376554, 0.08131667995778318, 0.018248165870020868]
[0.22174023617591024, 0.20694526694340654, 0.09309847556275641, 0.08688675185713506, 0.14256221020503426, 0.13305016336105083, 0.05985528234224829, 0.055861613552458333]
[0.35011636456489237, 0.0785691385544244, 0.14699767788065018, 0.032987549539241295, 0.22509835662719097, 0.050514016938894124, 0.09450839511620332, 0.0212085007785033]

