Action: 0
[0.24216744176648625, 0.10892358258218886, 0.339652004486085, 0.1527707973044541, 0.04492618285718269, 0.02020717877205603, 0.06301122871861725, 0.028341583512930053]
[0.23741445640809247, 0.11367656794058266, 0.33298570371296893, 0.15943709807757014, 0.04404442316326555, 0.02108893846597316, 0.06177451644495504, 0.029578295786592258]
[0.21648191738117303, 0.09737058719956318, 0.36533752887139814, 0.16432379268707975, 0.04016108083975326, 0.018063901462265913, 0.06777633073604666, 0.030484860822720165]
[0.21223305809536575, 0.10161944648537047, 0.35816710202569557, 0.17149421953278232, 0.03937284511402477, 0.0188521371879944, 0.06644609449419582, 0.031815097064571016]
[0.239185706395633, 0.10758243904721877, 0.335469970814796, 0.15088977611253274, 0.047907918228035896, 0.021548322307026097, 0.06719326238990621, 0.030222604704851396]
[0.2344912431261579, 0.11227690231669388, 0.3288857502117596, 0.15747399671556914, 0.04696763644520008, 0.02248860408986192, 0.06587446994616436, 0.03154139714859325]
[0.21381644019936427, 0.09617169224565915, 0.3608392370110647, 0.16230052291409233, 0.042826558021561996, 0.019262796416169927, 0.0722746225963801, 0.032508130595707556]
[0.20961989584873514, 0.1003682365962883, 0.3537570974891823, 0.16938266243597472, 0.04198600736065537, 0.020103347077076554, 0.07085609903070904, 0.033926654161378605]

Action: 1
[0.07407407407407407, 0.14814814814814814, 0.037037037037037035, 0.07407407407407407, 0.14814814814814814, 0.2962962962962963, 0.07407407407407407, 0.14814814814814814]
[0.1111111111111111, 0.1111111111111111, 0.05555555555555555, 0.05555555555555555, 0.2222222222222222, 0.2222222222222222, 0.1111111111111111, 0.1111111111111111]
[0.05555555555555555, 0.1111111111111111, 0.05555555555555555, 0.1111111111111111, 0.1111111111111111, 0.2222222222222222, 0.1111111111111111, 0.2222222222222222]
[0.08333333333333333, 0.08333333333333333, 0.08333333333333333, 0.08333333333333333, 0.16666666666666666, 0.16666666666666666, 0.16666666666666666, 0.16666666666666666]
[0.1111111111111111, 0.2222222222222222, 0.05555555555555555, 0.1111111111111111, 0.1111111111111111, 0.2222222222222222, 0.05555555555555555, 0.1111111111111111]
[0.16666666666666666, 0.16666666666666666, 0.08333333333333333, 0.08333333333333333, 0.16666666666666666, 0.16666666666666666, 0.08333333333333333, 0.08333333333333333]
[0.08333333333333333, 0.16666666666666666, 0.08333333333333333, 0.16666666666666666, 0.08333333333333333, 0.16666666666666666, 0.08333333333333333, 0.16666666666666666]
[0.125, 0.125, 0.125, 0.125, 0.125, 0.125, 0.125, 0.125]

