Action: 0
[0.2135511723963724, 0.08466505900064572, 0.3215412021926749, 0.12747907000132125, 0.0722367560173278, 0.028639174122025098, 0.10876593704294307, 0.04312162922668985]
[0.22728603008232728, 0.07093020131469087, 0.3422215974474951, 0.10679867474650107, 0.07688276920685734, 0.02399316093249557, 0.11576137822737054, 0.036126188042262405]
[0.2552845863816046, 0.10121079798071457, 0.2798077882074426, 0.11093333102125238, 0.08635368363702635, 0.03423600834408777, 0.09464900942324452, 0.037524795004627166]
[0.27170358995823285, 0.08479179440408635, 0.29780403757158946, 0.09293708165710558, 0.09190764778577422, 0.028682044195339915, 0.10073649964845365, 0.03143730477941806]
[0.1679702286602758, 0.06659391826460317, 0.2529105724400183, 0.10026959017474808, 0.11781769975342438, 0.04671031485806764, 0.17739656679559965, 0.070331109053263]
[0.1787734809217248, 0.05579066600315423, 0.2691768878189361, 0.08400327479583033, 0.12539531836745982, 0.039132696244032206, 0.18880608785592953, 0.05892158799293313]
[0.20079594912441923, 0.07960808966272104, 0.2200848519758749, 0.08725541877663022, 0.14084232089421178, 0.05583871666208132, 0.15437194565481221, 0.06120270724924931]
[0.21371043586870733, 0.06669360291843296, 0.23423993287195355, 0.0731003378805516, 0.14990080187529983, 0.046780235680993314, 0.16430060434808952, 0.051274048555972014]

Action: 1
[0.0862979335241029, 0.1326069568629234, 0.028228650632202975, 0.043376652299994795, 0.21075853991011953, 0.32385536326368797, 0.06894057537558884, 0.10593532813137965]
[0.10612857432964552, 0.1127763160573808, 0.034715390328652625, 0.03688991260354515, 0.25918932765883057, 0.27542457551497695, 0.08478262084958504, 0.09009328265738345]
[0.08802302693575911, 0.135257766427907, 0.026503557220546755, 0.0407258427350112, 0.21497159755590525, 0.3303292234209498, 0.06472751772980309, 0.09946146797411781]
[0.1082500817271941, 0.11503071163647204, 0.03259388293110405, 0.03463551702445391, 0.26437051547245266, 0.2809303055044024, 0.07960143303596291, 0.08458755266795799]
[0.07250811431737819, 0.11141727263736866, 0.0237179054408462, 0.03644536010581006, 0.2245483591168442, 0.3450450474892427, 0.07345132056694562, 0.1128666203255644]
[0.08916995443100677, 0.0947554325237401, 0.02916810852509364, 0.030995157021562622, 0.2761479475574693, 0.29344545904861763, 0.09032990265314403, 0.095988038239366]
[0.073957549607339, 0.11364450097439191, 0.022268470150885403, 0.03421813176878682, 0.2290370748843254, 0.3519424888744649, 0.06896260479946444, 0.10596917894034219]
[0.09095245946472988, 0.09664959111700103, 0.027385603491370532, 0.029100998428301692, 0.2816681377349169, 0.29931142602387345, 0.08480971247569644, 0.0901220712641102]

