Action: 0
[0.20336574839429172, 0.09595073019331862, 0.3988380445461269, 0.1881772220997584, 0.026080787271331934, 0.01230527068820381, 0.051149273059265664, 0.024132923747702924]
[0.2068802054436024, 0.09243627314400797, 0.40573054826543936, 0.18128471838044596, 0.026531501353722994, 0.011854556605812751, 0.052033207176439236, 0.02324898963052935]
[0.21434606257921318, 0.10113139199164946, 0.3878577303612056, 0.1829965603014276, 0.027488965593839277, 0.012969668401947698, 0.04974109473675833, 0.02346852603395904]
[0.21805027548906347, 0.09742717908179918, 0.3945604782199784, 0.1762938124426548, 0.027964015053604834, 0.01249461894218214, 0.05060069347655741, 0.022608927294159965]
[0.1898078797379611, 0.0895539430857973, 0.372248543286455, 0.1756319332225224, 0.03963865592766259, 0.01870205779572515, 0.0777387743189376, 0.03667821262493895]
[0.19308803702219782, 0.08627378580156059, 0.37868154160292783, 0.16919893490604962, 0.040323669775127594, 0.01801704394826015, 0.07908221383895084, 0.03533477310492571]
[0.20005616476507285, 0.09438922355630266, 0.36200025825934334, 0.17079665275201705, 0.04177886340797962, 0.0197118368372945, 0.07559856683862058, 0.0356684335833696]
[0.20351342737722863, 0.09093196094414689, 0.36825615124789707, 0.16454075976346336, 0.042500863165439676, 0.01898983707983445, 0.07690502044863877, 0.034361979973351414]

Action: 1
[0.034632782769807025, 0.05140074883301886, 0.0034344334572364845, 0.005097264424071366, 0.3315988962387841, 0.49214733023808344, 0.032883708802574955, 0.04880483523642373]
[0.04214352202953398, 0.04389000957329189, 0.0041792518674011485, 0.004352446013906701, 0.40351205623567676, 0.42023417024119053, 0.04001513004442351, 0.04167341399457516]
[0.03456147520748373, 0.051294916676092976, 0.003505741019559776, 0.005203096580997253, 0.3309161469166449, 0.49113401789017164, 0.03356645812471421, 0.04981814758433557]
[0.042056750145114, 0.04379964173846269, 0.0042660237518211295, 0.004442813848735897, 0.4026812404941445, 0.41936892431267186, 0.04084594578595584, 0.04253865992309393]
[0.09535482420018168, 0.14152225079075034, 0.009456063658491625, 0.014034354567745112, 0.2708768548084095, 0.402025828280352, 0.026862078601319818, 0.03986774509274999]
[0.11603422575116068, 0.12084284923977127, 0.011506780432663974, 0.01198363779357276, 0.3296213525140501, 0.3432813305747112, 0.032687601479160694, 0.0340422222149091]
[0.09515849229943102, 0.14123086194147796, 0.009652395559242286, 0.014325743417017478, 0.2703191298246976, 0.40119807262478663, 0.027419803585031703, 0.04069550074831535]
[0.1157953157611844, 0.12059403847972455, 0.011745690422640268, 0.012232448553619492, 0.3289426748780741, 0.34257452757141, 0.033366279115136704, 0.034749025218210335]

