Action: 0
[0.14889288661439665, 0.040738141533828744, 0.33598986565861977, 0.09192919159785762, 0.0922096411535686, 0.025229206696933102, 0.20807914768858682, 0.05693191905620879]
[0.14182442337586584, 0.04780660477235954, 0.32003925802430433, 0.10787979923217302, 0.08783212874479851, 0.029606719105703165, 0.19820090676260702, 0.06681015998218853]
[0.23280574291427528, 0.06369728951049074, 0.25207700935874117, 0.06897004362119563, 0.14417702887452516, 0.0394478496708076, 0.15611175996763024, 0.0427132760823343]
[0.22175364450362306, 0.07474938792114302, 0.24011003689654725, 0.08093701608338953, 0.1373324438066067, 0.04629243473872604, 0.14870059170079886, 0.05012444434916565]
[0.1815150423138708, 0.049663792894632415, 0.4096046229528819, 0.11207070721907554, 0.05958748545409443, 0.016303555336129427, 0.13446439039432465, 0.03679040343499084]
[0.17289789187095683, 0.05828094333754619, 0.3901592667272826, 0.1315160634446749, 0.05675866024970735, 0.019132380540516525, 0.12808089805962886, 0.04317389576968668]
[0.28381305001786983, 0.0776532476713878, 0.30730661524888275, 0.08408125244232018, 0.09316972177093043, 0.025491891509910526, 0.1008821540774887, 0.027602067261209746]
[0.2703394573145324, 0.09112684037472543, 0.2927177012837072, 0.09867016640749557, 0.08874663099569731, 0.029914982285143603, 0.09609292731363882, 0.03239129402505958]

Action: 1
[0.16666666666666666, 0.16666666666666666, 0.08333333333333333, 0.08333333333333333, 0.16666666666666666, 0.16666666666666666, 0.08333333333333333, 0.08333333333333333]
[0.1111111111111111, 0.2222222222222222, 0.05555555555555555, 0.1111111111111111, 0.1111111111111111, 0.2222222222222222, 0.05555555555555555, 0.1111111111111111]
[0.125, 0.125, 0.125, 0.125, 0.125, 0.125, 0.125, 0.125]
[0.08333333333333333, 0.16666666666666666, 0.08333333333333333, 0.16666666666666666, 0.08333333333333333, 0.16666666666666666, 0.08333333333333333, 0.16666666666666666]
[0.1111111111111111, 0.1111111111111111, 0.05555555555555555, 0.05555555555555555, 0.2222222222222222, 0.2222222222222222, 0.1111111111111111, 0.1111111111111111]
[0.07407407407407386, 0.14814814814814817, 0.03703703703703704, 0.07407407407407408, 0.14814814814814817, 0.29629629629629634, 0.07407407407407408, 0.14814814814814817]
[0.08333333333333312, 0.08333333333333334, 0.08333333333333334, 0.08333333333333334, 0.16666666666666669, 0.16666666666666669, 0.16666666666666669, 0.16666666666666669]
[0.05555555555555534, 0.11111111111111112, 0.05555555555555556, 0.11111111111111112, 0.11111111111111112, 0.22222222222222224, 0.11111111111111112, 0.22222222222222224]

