Action: 0
[0.2585948651114461, 0.1249060987979017, 0.19902773729787337, 0.09613407523671143, 0.12244101027048565, 0.05914127072542262, 0.09423681795111483, 0.04551812460904438]
[0.2593279129184792, 0.12417305099086855, 0.19959192810770288, 0.09556988442688193, 0.12278809803663683, 0.05879418295927142, 0.09450395431792193, 0.045250988242237264]
[0.1364733636169024, 0.06591915671592452, 0.3211492387924171, 0.15512101731868863, 0.06461820697430873, 0.03121178814203382, 0.15205962124729175, 0.07344760719243319]
[0.136860229380361, 0.06553229095246595, 0.32205961164582114, 0.15421064446528457, 0.06480138244028914, 0.031028612676053405, 0.15249066991426963, 0.07301655852545529]
[0.25820248084565856, 0.12471656994608915, 0.19872573844519967, 0.0959882042097958, 0.12283339453627311, 0.05933079957723516, 0.0945388168037885, 0.04566399563595999]
[0.2589344163474438, 0.12398463444430392, 0.19928907316843755, 0.0954248694865579, 0.12318159460767222, 0.058982599505836036, 0.09480680925718722, 0.04539600318256128]
[0.13626628293662948, 0.06581913292040886, 0.3206619363542288, 0.1548856412354761, 0.06482528765458166, 0.03131181193754948, 0.15254692368547998, 0.0736829832756457]
[0.13665256168132228, 0.06543285417571605, 0.3215709278345591, 0.1539766497551458, 0.06500905013932784, 0.03112804945280329, 0.15297935372553162, 0.07325055323559404]

Action: 1
[0.026125534582969505, 0.03985414736567517, 0.002137553697776285, 0.0032608090679512114, 0.33989086005930425, 0.5184988801675997, 0.027809381754574126, 0.042422833304149775]
[0.04387777086497366, 0.022101911083671013, 0.0035900161608078533, 0.0018083466049196432, 0.5708458607581093, 0.28754387946879467, 0.046705788034638165, 0.02352642702408574]
[0.025732100989066833, 0.03925396977389392, 0.002530987291678957, 0.003860986659732458, 0.3347723243147774, 0.5106906235667251, 0.032927917499101, 0.050231089905024395]
[0.043217000114847165, 0.021769070648113596, 0.004250786910934353, 0.002141187040477063, 0.5622492926056271, 0.28321365527587533, 0.055302356187120344, 0.027856651217005052]
[0.03467294503490239, 0.052893105656247545, 0.0028368905385179424, 0.004327637898597699, 0.3313434496073714, 0.5054599218770274, 0.027110044913832468, 0.041356004473503294]
[0.05823312562748524, 0.029332925063664698, 0.004764550659156451, 0.0023999777779591903, 0.5564905059955978, 0.28031286548880097, 0.04553125353628957, 0.022934795851046193]
[0.03415079298733572, 0.05209656981561534, 0.0033590425860846158, 0.0051241737392299, 0.3263536323165085, 0.4978480235250037, 0.03209986220469534, 0.04896790282552696]
[0.057356172552054496, 0.028891190250896565, 0.005641503734587193, 0.002841712590727322, 0.5481101201684198, 0.27609153567309236, 0.0539116393634675, 0.027156125666754793]

