Action: 0
[0.15429217426445013, 0.05403802443941643, 0.19575055862477275, 0.0685580686215796, 0.1721561955965166, 0.06029457261452944, 0.2184146514195463, 0.07649575441918884]
[0.15677649331854118, 0.05155370538532538, 0.19890241545068657, 0.06540621179566579, 0.17492815029246384, 0.0575226179185822, 0.22193143172808108, 0.07297897411065406]
[0.15170009934170037, 0.05313019739833608, 0.19834263354752243, 0.06946589566265993, 0.16926400900617866, 0.05928163692678573, 0.2213068380098842, 0.07750869010693254]
[0.15414268237676831, 0.050687614363268144, 0.20153622639245936, 0.06627230281772299, 0.17198939546696673, 0.05655625046599763, 0.22487018655357813, 0.0739453415632386]
[0.2386589662138135, 0.08358595703527774, 0.3027867497485178, 0.1060455454778809, 0.08778940364715321, 0.030746640018668128, 0.11137846029580123, 0.03900827756288751]
[0.24250170820653721, 0.07974321504255401, 0.3076620384357928, 0.10117025679060587, 0.08920293540446776, 0.029333108261353564, 0.11317180874297478, 0.03721492911571395]
[0.23464954756143316, 0.08218173116213766, 0.306796168400898, 0.10744977135102096, 0.08631456078644585, 0.030230103162984155, 0.11285330315650856, 0.039524814418571474]
[0.23842773232562978, 0.07840354639794105, 0.31173601431670017, 0.10250992543521881, 0.08770434551810527, 0.02884031843132473, 0.11467039862933724, 0.03770771894574278]

Action: 1
[0.11015545025687697, 0.09389866985431587, 0.030881131563354577, 0.02632368321888002, 0.31147778614061306, 0.26550978403308495, 0.08732011416993138, 0.07443338076294305]
[0.14493640693191476, 0.059117713179278115, 0.040631673152322606, 0.016573141629912, 0.40982512492167367, 0.1671624452520244, 0.11489094340009134, 0.04686255153278309]
[0.10736783050488287, 0.09152244801362196, 0.03366875131534869, 0.02869990505957395, 0.3035954559705835, 0.258790730944088, 0.09520244433996092, 0.08115243385193999]
[0.14126861210374886, 0.057621666414756, 0.044299467980488526, 0.018069188394434124, 0.3994539938479864, 0.1629321930666852, 0.12526207447377863, 0.0510928037181223]
[0.12348190732890892, 0.10525840366699955, 0.0346170890049077, 0.029508286736691626, 0.29815132906858116, 0.25415005022040127, 0.08358415672837824, 0.07124877724513144]
[0.162470617001853, 0.06626969399405548, 0.04554723789983681, 0.018578137841762526, 0.39229091485173545, 0.16001046443724704, 0.10997537865257713, 0.044857555320932566]
[0.12035704511754064, 0.1025947097286492, 0.037741951216275986, 0.03217198067504198, 0.2906062413579258, 0.24771846922906077, 0.09112924443903363, 0.07768035823647196]
[0.1583590973265498, 0.06459265751964008, 0.049658757575140045, 0.020255174316177935, 0.3823635086251855, 0.15596120196180113, 0.11990278487912712, 0.04890681779637848]

