Action: 0
[0.331531548543102, 0.036794974503243504, 0.3879230629689591, 0.043053577476676486, 0.08324417571990857, 0.009238841180025268, 0.09740350733286215, 0.010810312275222904]
[0.342722763366716, 0.025603759679629575, 0.4010178358549716, 0.02995880459066403, 0.08605417512234868, 0.006428841777585152, 0.10069147066523804, 0.007522348942847022]
[0.34582446085513274, 0.038381271030404604, 0.3736301506569284, 0.041467280949515385, 0.08683297958874231, 0.009637143988404036, 0.09381470346402841, 0.010412009466844138]
[0.3574981487732136, 0.026707583112323723, 0.38624245044847394, 0.028854981157969885, 0.08976412304287956, 0.00670600053426679, 0.09698152274470717, 0.0072451901861653855]
[0.3245124101866272, 0.03601595658474922, 0.37971001156370904, 0.04214205331441198, 0.09026331407638345, 0.010017859098519545, 0.10561655873811218, 0.011721836437487403]
[0.33546668621642445, 0.02506168055495198, 0.3925275437978516, 0.02932452108026946, 0.09331025227264025, 0.006970920902262749, 0.109181762722358, 0.008156632453241589]
[0.33850271501084567, 0.037568668269540216, 0.36571970673949056, 0.040589341629620995, 0.09415472543302936, 0.010449746749268426, 0.10172514738146626, 0.011289948786738524]
[0.34992924928400987, 0.026142133996376073, 0.37806498073026623, 0.02824406763884537, 0.09733302253208335, 0.007271449650214439, 0.1051589924629149, 0.007856103705289899]

Action: 1
[0.36628682168949034, 0.1239480820051403, 0.11275445170091836, 0.038155066462417196, 0.20501475904957506, 0.06937510350422176, 0.06310990562152127, 0.021355809966715558]
[0.3653844167045312, 0.12485048699009949, 0.1124766634397357, 0.038432854723599856, 0.20450967306339843, 0.06988018949039838, 0.06295442447925555, 0.021511291108981284]
[0.36046685682745955, 0.12197865957640343, 0.11857441656294915, 0.040124488891154074, 0.2017572607634977, 0.0682727961298205, 0.06636740390759863, 0.022458117341116808]
[0.35957879023796757, 0.12286672616589547, 0.11828228990629935, 0.04041661554780387, 0.20126020013482177, 0.06876985675849644, 0.06620389740783221, 0.02262162384088323]
[0.21555085096207943, 0.07294041982753696, 0.06635324170766634, 0.022453324983285085, 0.3557507297769861, 0.12038276568182513, 0.10951111561477331, 0.03705755144584768]
[0.21501980766239648, 0.07347146312721992, 0.06618977009869877, 0.022616796592252658, 0.35487428210553323, 0.12125921335327797, 0.1092413178202925, 0.03732734924032849]
[0.21212594374648866, 0.07178146281548832, 0.0697781489232571, 0.023612281995333714, 0.3500981738444687, 0.11846999289073562, 0.11516367154729071, 0.03897032423693718]
[0.2116033382424384, 0.07230406831953858, 0.06960623951865681, 0.023784191399933995, 0.34923565213035096, 0.11933251460485335, 0.1148799477954748, 0.039254047988753114]

