Action: 0
[0.1633022802268878, 0.06146108371757396, 0.3615658857475058, 0.1360803483115561, 0.06274992156859725, 0.023616805456974577, 0.13893395083653434, 0.052289724134369955]
[0.1536454865176551, 0.0711178774268067, 0.3401848789048054, 0.15746135515425658, 0.05903923824551954, 0.0273274887800523, 0.13071816535838285, 0.06050550961252148]
[0.3651202369016102, 0.1374180777880861, 0.15974792907278335, 0.06012335424104396, 0.14029973247679944, 0.05280375504450563, 0.06138413992833217, 0.023102774546838904]
[0.34352904538899787, 0.1590092693006985, 0.1503013200334626, 0.06956996328036473, 0.13200318222589905, 0.06110030529540603, 0.05775422137800333, 0.026732693097167755]
[0.13272473734351345, 0.0499528003033945, 0.29386446503709707, 0.11059997730693853, 0.09332746445197161, 0.03512508887115404, 0.2066353715469431, 0.07777009513898754]
[0.12487613041127925, 0.05780140723562873, 0.2764869457924513, 0.1279774965515843, 0.0878085943518954, 0.04064395897123027, 0.19441609847073693, 0.08998936821519372]
[0.29675328154780156, 0.1116872235668342, 0.12983592083280895, 0.04886555404349882, 0.20866668783060813, 0.07853460926575753, 0.09129614816830658, 0.034360574744384045]
[0.2792049336713147, 0.12923557144332115, 0.12215814253241589, 0.056543332343891896, 0.19632729394358225, 0.09087400315278342, 0.08589739887905007, 0.03975932403364059]

Action: 1
[0.05412861117168225, 0.14707196822555466, 0.02650917630070123, 0.07202765136937449, 0.12645816210192012, 0.34359741356610946, 0.061932158266352025, 0.16827485899830574]
[0.10879525149830761, 0.0924053278989293, 0.05328184928854388, 0.04525497838153184, 0.2541732967479086, 0.21588227892012102, 0.12447991161365231, 0.10572710565100546]
[0.056002389062520405, 0.1521631796285043, 0.024635398409863073, 0.06693643996642484, 0.13083578242384278, 0.3554917744771497, 0.05755453794442938, 0.1563804980872656]
[0.11256143231235287, 0.09560413637867185, 0.04951566847449862, 0.0420561699017893, 0.26297205019046577, 0.2233555067105267, 0.11568115817109516, 0.0982538778605998]
[0.06666987395877841, 0.18114762917835375, 0.03265118768913463, 0.08871601052375178, 0.11391689931482395, 0.30952175261331033, 0.05579014687791862, 0.15158649984392844]
[0.13400243508372914, 0.11381506805340304, 0.06562692261013071, 0.0557402756027557, 0.22896611316248702, 0.19447253876564724, 0.11213483829206547, 0.0952418084297816]
[0.06897779454097655, 0.18741844262035326, 0.030343267106936495, 0.0824451970817523, 0.11786037694538662, 0.3202365114853007, 0.05184666924735595, 0.1408717409719381]
[0.13864121658473552, 0.11775502057659427, 0.06098814110912434, 0.05180032307956447, 0.23689226591808307, 0.20120462251260424, 0.10420868553646943, 0.08850972468282463]

