Action: 0
[0.1823197419106164, 0.12317495075722208, 0.26291276581632916, 0.1776234797367585, 0.06206655974249961, 0.04193207690969973, 0.08950259974920911, 0.06046782537766548]
[0.2282162693054539, 0.07727842336238454, 0.32909749618226775, 0.1114387493708199, 0.07769097610944203, 0.026307660542757304, 0.1120336678510533, 0.037936757275821284]
[0.24217690931147878, 0.1636143654349954, 0.20305559841546678, 0.13718406505898517, 0.08244355467223022, 0.05569874485660944, 0.06912560481947848, 0.04670115743075576]
[0.3031416684545705, 0.1026496062919037, 0.2541720970331512, 0.08606756644130076, 0.10319760371754355, 0.034944695811296105, 0.08652704024295177, 0.02929972200728247]
[0.1838649813419433, 0.12421891225512242, 0.26514106632005513, 0.1791289162953145, 0.060521320311172654, 0.04088811541179937, 0.08727429924548312, 0.058962388819109444]
[0.2301505018493657, 0.07793339174770003, 0.3318867411785727, 0.11238324143679689, 0.07575674356553022, 0.025652692157441807, 0.10924442285474828, 0.03699226520984428]
[0.24422946437602272, 0.16500106863209424, 0.2047765832859757, 0.13834675991834267, 0.08039099960768624, 0.05431204165951057, 0.06740461994896951, 0.04553846257139823]
[0.30571092647602977, 0.10351960653208721, 0.2563263165519087, 0.08679702665240971, 0.10062834569608424, 0.034074695571112576, 0.08437282072419425, 0.02857026179617351]

Action: 1
[0.0710089054209735, 0.08820855057383539, 0.03466748593241363, 0.04306457997075138, 0.22867055732784203, 0.2840587149065161, 0.11163998772157761, 0.13868121814609058]
[0.06866749241646372, 0.09054996357834515, 0.033524377164371164, 0.044207688738793834, 0.2211304859311385, 0.2915987863032195, 0.10795882523181745, 0.1423623806358507]
[0.08002969956961654, 0.099414344722603, 0.0256466917837706, 0.03185878582198377, 0.2577202943049263, 0.32014482520646315, 0.08259025074449326, 0.1025951078461435]
[0.07739083929978953, 0.10205320499242998, 0.024801030281045366, 0.032704447324709, 0.2492223510535238, 0.32864276845786555, 0.0798669601094321, 0.10531839848120461]
[0.09072279853441131, 0.1126975062533331, 0.04429206904817238, 0.055020411728548504, 0.20895666421440418, 0.25956975922701836, 0.10201540460581886, 0.12672538638829345]
[0.0877313492361202, 0.11568895555162419, 0.04283160397197921, 0.05648087680474167, 0.202066629111482, 0.2664597943299405, 0.09865159842420941, 0.13008919256990284]
[0.10224799647002143, 0.127014316221741, 0.032766871112562254, 0.04070360176014059, 0.23550199740452143, 0.2925448537073251, 0.07547007141570161, 0.09375029190798669]
[0.09887652091775546, 0.13038579177400694, 0.03168643229034393, 0.0417840405823589, 0.22773666943555784, 0.3003101816762886, 0.07298155810013356, 0.09623880522355473]

