Action: 0
[0.15803868094729692, 0.05397506838479941, 0.2782616530069334, 0.09503490955435895, 0.11196968510397962, 0.038241089929921514, 0.19714711282669742, 0.06733180024601287]
[0.1530606119008786, 0.05895313743121772, 0.2694966739946057, 0.10379988856668662, 0.10844274587484742, 0.04176802915905369, 0.19093716514761871, 0.07354174792509154]
[0.16687524925749792, 0.05699302813978562, 0.2694250846967325, 0.09201694979937276, 0.11823035347429439, 0.040379300660337444, 0.19088644445638261, 0.06519358951559694]
[0.16161883666304502, 0.06224944073423849, 0.26093844923243936, 0.10050358526366587, 0.1145062091100817, 0.04410344502455012, 0.18487370191238442, 0.0712063320595951]
[0.17012425563622374, 0.058102663707630293, 0.2995409497608782, 0.1023024436200073, 0.0998841104150528, 0.03411349460709062, 0.17586781607275262, 0.06006426618036453]
[0.16476550241232113, 0.06346141693153289, 0.29010569301739375, 0.11173770036349173, 0.0967378553634049, 0.03725974965873852, 0.1703281461248307, 0.06560393612828642]
[0.17963657627279572, 0.0613514136578297, 0.29002862912430627, 0.0990536936698079, 0.10546902645899658, 0.03602091514229337, 0.17028290002880886, 0.05815684564516179]
[0.17397819394140696, 0.06700979598921843, 0.2808930014883079, 0.1081893213058062, 0.10214685183171976, 0.039343089769570176, 0.16491914965651586, 0.06352059601745477]

Action: 1
[0.013875290354061147, 0.027634528848501608, 4.572163324660908E-4, 9.106085427496784E-4, 0.309726685745462, 0.6168628413515391, 0.010206063852348088, 0.020326764972872276]
[0.012057947889100655, 0.029451871313462098, 3.973315563308714E-4, 9.704933188848977E-4, 0.26915964576478496, 0.6574298813322161, 0.008869305286172089, 0.021663523539048275]
[0.013849108422275243, 0.0275823839685903, 4.8339826425199654E-4, 9.62753422660991E-4, 0.30914224803269813, 0.615698854118018, 0.010790501565111979, 0.021490752206393404]
[0.012035195185477554, 0.029396297205387986, 4.200842599539734E-4, 0.001026067426959014, 0.26865175588968265, 0.6561893462610334, 0.009377195161274382, 0.022904058610231]
[0.038177270426449285, 0.07603522910408644, 0.0012580112648120782, 0.0025055006203177697, 0.2854247056730738, 0.5684621410959542, 0.0094052689200021, 0.018731872895304185]
[0.03317693003919681, 0.08103556949133892, 0.0010932408539159565, 0.0026702710312138914, 0.24804066361468877, 0.6058461831543392, 0.008173395988587004, 0.01996374582671928]
[0.03810523195629325, 0.07589175468798919, 0.0013300497349681146, 0.002648975036415033, 0.2848861244986801, 0.567389483398619, 0.009943850094395858, 0.01980453059263936]
[0.033114326944271466, 0.08088265970001096, 0.0011558439488413021, 0.0028231808225418456, 0.24757262413088874, 0.6047029837664104, 0.008641435472387052, 0.021106945214648166]

