Action: 0
[0.4170401342576258, 0.03020617794856636, 0.3490780383045312, 0.02528368969028147, 0.09054999856969857, 0.00655852793378658, 0.07579370250648844, 0.0054897307890213595]
[0.4083553285360885, 0.03889098367010367, 0.34180853425613333, 0.03255319373867936, 0.08866430680752992, 0.00844421969595523, 0.07421530866111764, 0.007068124634392156]
[0.35175853837484256, 0.025477838059860095, 0.41435963418731453, 0.03001202957898774, 0.07637570710891078, 0.0055318853279818555, 0.08996799396727626, 0.006516373394826084]
[0.34443321326646764, 0.03280316316823501, 0.4057306495257542, 0.03864101424054802, 0.07478519309455414, 0.00712239934233849, 0.08809442237409343, 0.008389944988008899]
[0.4032258064516128, 0.02920560747663551, 0.3375149342891278, 0.024446175147109728, 0.10436432637571155, 0.007559098405717427, 0.08735680652189191, 0.006327245332193106]
[0.3948286822823137, 0.03760273164593464, 0.33048623035482555, 0.03147487908141196, 0.10219095306130471, 0.00973247172012426, 0.08553761256242544, 0.008146439291659566]
[0.3401066436085891, 0.024633892410902483, 0.40063409713215153, 0.029017890212842755, 0.08802760187516423, 0.006375830976939466, 0.10369353102243922, 0.007510512760971066]
[0.33302396766997056, 0.031716568349521, 0.3922909449671687, 0.037361042377825594, 0.0861944386910512, 0.008208994161052495, 0.10153412693267896, 0.00966991685073133]

Action: 1
[0.4286932164170016, 0.13396663013031299, 0.01948605529168189, 0.00608939227865059, 0.3000852514919011, 0.0937766410912191, 0.013640238704177321, 0.004262574595055413]
[0.4420898794300329, 0.1205699671172817, 0.02009499451954695, 0.005480453050785531, 0.309462915601023, 0.08439897698209718, 0.014066496163682864, 0.003836317135549872]
[0.4108309990662931, 0.1283846872082166, 0.03734827264239029, 0.011671335200746964, 0.2875816993464052, 0.08986928104575162, 0.026143790849673196, 0.008169934640522875]
[0.42366946778711484, 0.11554621848739495, 0.03851540616246499, 0.010504201680672268, 0.2965686274509804, 0.08088235294117646, 0.026960784313725488, 0.007352941176470587]
[0.40487692661605706, 0.12652403956751782, 0.018403496664366227, 0.005751092707614446, 0.3239015412928456, 0.10121923165401425, 0.014722797331492982, 0.004600874166091557]
[0.41752933057280883, 0.11387163561076605, 0.018978605935127672, 0.005175983436853002, 0.33402346445824704, 0.09109730848861283, 0.015182884748102138, 0.004140786749482401]
[0.3880070546737214, 0.12125220458553793, 0.03527336860670194, 0.011022927689594356, 0.31040564373897706, 0.09700176366843033, 0.02821869488536155, 0.008818342151675485]
[0.4001322751322752, 0.10912698412698413, 0.036375661375661374, 0.00992063492063492, 0.32010582010582006, 0.0873015873015873, 0.0291005291005291, 0.007936507936507936]

