Action: 0
[0.20539257261471192, 0.09397117952932299, 0.2856744212006329, 0.13070171905358, 0.08157281075451431, 0.037321180345227765, 0.11345719663251087, 0.051908919869499213]
[0.20542032495468832, 0.09394342718934656, 0.2857130211049955, 0.13066311914921735, 0.08158383275179527, 0.03731015834794679, 0.11347252680075227, 0.05189358970125781]
[0.18210631285736678, 0.08331725339963397, 0.30896068095797796, 0.141355645183269, 0.07232454225003618, 0.03308991390308648, 0.12270546513698896, 0.05614018631164048]
[0.18213091879243995, 0.08329264746456079, 0.30900242726724386, 0.14131389887400309, 0.07233431463498471, 0.033080141518137936, 0.12272204491756279, 0.05612360653106664]
[0.25169881939152383, 0.11515720672493951, 0.3500804027682054, 0.1601687342411346, 0.03526656397770239, 0.01613515314961125, 0.049051215064938446, 0.022441904681944666]
[0.25173282856292906, 0.11512319755353426, 0.35012770511333413, 0.1601214318960058, 0.03527132914355454, 0.016130387983759098, 0.04905784279241373, 0.022435276954469376]
[0.2231626166732163, 0.10210132746606529, 0.37861660548651277, 0.17322461350000873, 0.031268238434186676, 0.014305839836655159, 0.05304954060845415, 0.024271217994900753]
[0.2231927700752069, 0.10207117406407465, 0.37866776360105614, 0.17317345538546536, 0.031272463352217755, 0.01430161491862408, 0.05305670858375051, 0.024264050019604386]

Action: 1
[0.16666666666666666, 0.16666666666666666, 0.08333333333333333, 0.08333333333333333, 0.16666666666666666, 0.16666666666666666, 0.08333333333333333, 0.08333333333333333]
[0.1111111111111111, 0.2222222222222222, 0.05555555555555555, 0.1111111111111111, 0.1111111111111111, 0.2222222222222222, 0.05555555555555555, 0.1111111111111111]
[0.125, 0.125, 0.125, 0.125, 0.125, 0.125, 0.125, 0.125]
[0.08333333333333333, 0.16666666666666666, 0.08333333333333333, 0.16666666666666666, 0.08333333333333333, 0.16666666666666666, 0.08333333333333333, 0.16666666666666666]
[0.1111111111111111, 0.1111111111111111, 0.05555555555555555, 0.05555555555555555, 0.2222222222222222, 0.2222222222222222, 0.1111111111111111, 0.1111111111111111]
[0.07407407407407407, 0.14814814814814814, 0.037037037037037035, 0.07407407407407407, 0.14814814814814814, 0.2962962962962963, 0.07407407407407407, 0.14814814814814814]
[0.08333333333333333, 0.08333333333333333, 0.08333333333333333, 0.08333333333333333, 0.16666666666666666, 0.16666666666666666, 0.16666666666666666, 0.16666666666666666]
[0.05555555555555555, 0.1111111111111111, 0.05555555555555555, 0.1111111111111111, 0.1111111111111111, 0.2222222222222222, 0.1111111111111111, 0.2222222222222222]

