Action: 0
[0.22134118165778202, 0.06216795968120878, 0.3533349451487348, 0.09924096573194717, 0.07935937052749224, 0.02228961691777334, 0.12668423753029018, 0.03558172280477138]
[0.1873884056307956, 0.09612073570819539, 0.29913489902405643, 0.15344101185662545, 0.067185987730031, 0.03446299971523457, 0.10725142565678272, 0.0550145346782788]
[0.2813648052494333, 0.07902675741336875, 0.2933113215570836, 0.0823821679997872, 0.10088016005854918, 0.028334147654683717, 0.10516344799923322, 0.029537192067861]
[0.2382046660337637, 0.12218689662903846, 0.24831863862108833, 0.12737485093578238, 0.08540558160739517, 0.04380872610583773, 0.08903183177941856, 0.045668808287675645]
[0.19127142099783265, 0.05372228475379466, 0.3053334970953589, 0.08575882894713621, 0.10942913118744185, 0.03073529184518746, 0.17468568558366612, 0.04906385958958235]
[0.16193121566928417, 0.08306249008234312, 0.2584966646416328, 0.13259566140086224, 0.09264317769154246, 0.04752124534108684, 0.1478896600392064, 0.07585988513404202]
[0.24314068315603668, 0.06829077207456294, 0.2534642349371548, 0.07119034162636788, 0.139104282151946, 0.039070132993489486, 0.14501053461916188, 0.040729018441280296]
[0.20584395826997828, 0.10558749696062156, 0.2145839220409389, 0.11007065452258376, 0.11776628937118087, 0.06040812577425459, 0.12276654835956793, 0.06297300470087423]

Action: 1
[0.16666666666666666, 0.16666666666666666, 0.08333333333333333, 0.08333333333333333, 0.16666666666666666, 0.16666666666666666, 0.08333333333333333, 0.08333333333333333]
[0.1111111111111111, 0.2222222222222222, 0.05555555555555555, 0.1111111111111111, 0.1111111111111111, 0.2222222222222222, 0.05555555555555555, 0.1111111111111111]
[0.125, 0.125, 0.125, 0.125, 0.125, 0.125, 0.125, 0.125]
[0.08333333333333333, 0.16666666666666666, 0.08333333333333333, 0.16666666666666666, 0.08333333333333333, 0.16666666666666666, 0.08333333333333333, 0.16666666666666666]
[0.1111111111111111, 0.1111111111111111, 0.05555555555555555, 0.05555555555555555, 0.2222222222222222, 0.2222222222222222, 0.1111111111111111, 0.1111111111111111]
[0.07407407407407386, 0.14814814814814817, 0.03703703703703704, 0.07407407407407408, 0.14814814814814817, 0.29629629629629634, 0.07407407407407408, 0.14814814814814817]
[0.08333333333333312, 0.08333333333333334, 0.08333333333333334, 0.08333333333333334, 0.16666666666666669, 0.16666666666666669, 0.16666666666666669, 0.16666666666666669]
[0.05555555555555534, 0.11111111111111112, 0.05555555555555556, 0.11111111111111112, 0.11111111111111112, 0.22222222222222224, 0.11111111111111112, 0.22222222222222224]

