Action: 0
[0.37073298678508904, 0.02825447705290517, 0.38309075301125867, 0.029196292954668676, 0.08624302109502072, 0.006572793755509662, 0.08911778846485473, 0.0067918868806933165]
[0.35827445732391316, 0.040713006514081045, 0.3702169392347103, 0.042070106731217076, 0.08334481333517013, 0.009471001515360244, 0.0861229737796758, 0.00978670156587225]
[0.35883122669272643, 0.02734741450545028, 0.3949925131036213, 0.030103355502123567, 0.08347433370193333, 0.006361785247491454, 0.09188647585794213, 0.007002895388711524]
[0.3467726574024444, 0.03940598379573232, 0.3817187391561791, 0.04337712944956581, 0.08066916803621817, 0.009166950913206611, 0.08879861907862777, 0.010090752168025883]
[0.37583073545280055, 0.028642989076079487, 0.38835842663456055, 0.02959775537861547, 0.0811452724273092, 0.006184281732335344, 0.08385011484155284, 0.006390424456746522]
[0.36320089549532086, 0.04127282903355919, 0.37530759201183156, 0.042648590001344494, 0.07841837516376246, 0.008911178995882098, 0.08103232100255453, 0.009208218295744834]
[0.3637653206984117, 0.027723454002419372, 0.4004238413889494, 0.030517290452275588, 0.07854023969624799, 0.0059857457505223645, 0.08645514757261406, 0.006588960438559502]
[0.3515409405476851, 0.03994783415314603, 0.3869675469594673, 0.04397358488175765, 0.07590088489097746, 0.008625100555792893, 0.08354981127533953, 0.009494296735834037]

Action: 1
[0.43934911242603547, 0.1952662721893491, 0.03994082840236686, 0.01775147928994083, 0.1952662721893491, 0.08678500986193294, 0.01775147928994083, 0.007889546351084813]
[0.47596153846153844, 0.15865384615384615, 0.04326923076923077, 0.014423076923076922, 0.21153846153846154, 0.07051282051282051, 0.019230769230769232, 0.00641025641025641]
[0.4424214838416022, 0.19663177059626766, 0.036868456986800184, 0.016385980883022306, 0.19663177059626763, 0.08739189804278562, 0.016385980883022306, 0.007282658170232136]
[0.47928994082840237, 0.15976331360946747, 0.03994082840236687, 0.013313609467455622, 0.21301775147928995, 0.07100591715976332, 0.01775147928994083, 0.00591715976331361]
[0.47596153846153844, 0.21153846153846156, 0.04326923076923077, 0.019230769230769232, 0.15865384615384615, 0.07051282051282051, 0.014423076923076922, 0.00641025641025641]
[0.515625, 0.171875, 0.046875, 0.015625, 0.171875, 0.057291666666666664, 0.015625, 0.005208333333333333]
[0.4792899408284023, 0.21301775147928995, 0.03994082840236687, 0.01775147928994083, 0.15976331360946747, 0.07100591715976332, 0.013313609467455622, 0.00591715976331361]
[0.5192307692307692, 0.17307692307692307, 0.04326923076923077, 0.014423076923076924, 0.17307692307692307, 0.057692307692307696, 0.014423076923076924, 0.004807692307692308]

