Action: 0
[0.30075750229057996, 0.0510789380223924, 0.3472276537845936, 0.05897116338660155, 0.09600175042381193, 0.01630438949184165, 0.11083501593475761, 0.01882358666542124]
[0.3173127122462558, 0.034523728066716615, 0.36634081527529766, 0.0398580018958975, 0.1012861710027641, 0.011019968912889484, 0.11693593426685556, 0.01272266833332331]
[0.3109513507329669, 0.05281020307424561, 0.3370338053422067, 0.057239898334748344, 0.0992556253448727, 0.01685700904134469, 0.10758114101369685, 0.018270967115918198]
[0.32806768152498017, 0.03569387228223237, 0.35558584599657334, 0.03868785768038174, 0.10471915561211995, 0.011393478774097458, 0.11350294965749973, 0.012349158472115337]
[0.3127929225788583, 0.05312296512827141, 0.3611226712560872, 0.06133101386694221, 0.08396633013553353, 0.014260362385962632, 0.09693999846326394, 0.01646373618508057]
[0.33001062277421145, 0.03590526493291827, 0.3810006845952952, 0.04145300052773428, 0.08858826047480835, 0.009638432046687821, 0.10227606494685798, 0.011127669701486523]
[0.32339469850243774, 0.054923510255836014, 0.35052089533250785, 0.05953046873937761, 0.08681227757540182, 0.014743701859754276, 0.09409405102339567, 0.015980396711288924]
[0.3411959739202913, 0.03712223483798249, 0.3698153334492154, 0.04023603062267006, 0.09159086321680877, 0.009965116218347331, 0.09927346220485758, 0.010800985529827016]

Action: 1
[0.3149534008276564, 0.28335107871822873, 0.10960925401581857, 0.0986110970107528, 0.0755533621248348, 0.06797236226884086, 0.02629388233029979, 0.02365556270356802]
[0.4036388499535419, 0.19466562959234324, 0.14047333071796336, 0.06774702030860802, 0.09682788665895203, 0.046697837734723614, 0.033697786392290964, 0.016251658641576842]
[0.3538459248801782, 0.31834113951895976, 0.07071672996329682, 0.06362103621002181, 0.08488318979447458, 0.07636603805548274, 0.01696405466065999, 0.015261886916926141]
[0.45348283842642917, 0.21870422597270875, 0.0906293422450761, 0.04370842392824254, 0.10878483299114562, 0.05246439485881171, 0.021740840060097386, 0.010485101517488748]
[0.12676190421875277, 0.11404265585439703, 0.04411534443676362, 0.03968882508121669, 0.2637448587337385, 0.2372807851326726, 0.09178779190935475, 0.08257783463310414]
[0.1624558715744004, 0.07834868849874942, 0.0565374650566276, 0.027266704461352712, 0.3380108650380936, 0.16301477882831747, 0.11763365205362673, 0.05673197448883215]
[0.14241530054918028, 0.12812539547294038, 0.028461948106336125, 0.02560608546267336, 0.29631381412547253, 0.26658178210150213, 0.059218836517620714, 0.053276837664274615]
[0.18251699450902195, 0.08802370151309873, 0.03647634212200606, 0.01759169144700342, 0.3797506769085529, 0.18314491931842175, 0.07589384018316744, 0.03660183399872788]

