Action: 0
[0.13932170180501602, 0.06623584185475992, 0.32569828836086273, 0.15484235435501553, 0.06374209368610666, 0.030304045831948387, 0.1490126128315441, 0.07084306127474661]
[0.13841038733864183, 0.0671471563211341, 0.32356786963921974, 0.15697277307665852, 0.06332515152030951, 0.030720987997745534, 0.1480379093360639, 0.07181776477022683]
[0.269438000201006, 0.12809528264270797, 0.1955819899648728, 0.0929829135670675, 0.12327255573898976, 0.05860581231190384, 0.08948215077866102, 0.042541294794791164]
[0.26767558455295604, 0.1298576982907579, 0.1943026724249056, 0.09426223110703473, 0.12246622002892872, 0.05941214802196488, 0.0888968408274447, 0.04312660474600749]
[0.13957511955702004, 0.06635632084638478, 0.32629071385523023, 0.15512400323560827, 0.06348867593410264, 0.03018356684032353, 0.14842018733717655, 0.07056141239415388]
[0.13866214746473082, 0.06726929293867398, 0.32415642003074063, 0.1572582970600979, 0.06307339139422051, 0.03059885138020565, 0.147449358944543, 0.07153224078678744]
[0.26992809163278414, 0.12832828021702028, 0.19593774177946616, 0.09315204386497276, 0.12278246430721154, 0.05837281473759151, 0.08912639896406765, 0.042372164496885904]
[0.26816247025722845, 0.130093901592576, 0.19465609723824304, 0.09443368840619591, 0.12197933432465627, 0.05917594472014679, 0.08854341601410726, 0.04295514744684631]

Action: 1
[0.04173039961496887, 0.1300981244463829, 0.020680539470534626, 0.06447336767632711, 0.12065579705525357, 0.37615486660332115, 0.05979398703037913, 0.18641291810283261]
[0.06328957270233826, 0.10853895135901354, 0.03136472495879197, 0.05378918218806977, 0.18299019204570197, 0.3138204716128728, 0.09068534987056279, 0.15552155526264896]
[0.04210654721031752, 0.13127079705727068, 0.02030439187518599, 0.06330069506543937, 0.12174335884104887, 0.3795454343874066, 0.058706425244583825, 0.18302235031874708]
[0.06386004940043555, 0.10951729486715267, 0.030794248260694698, 0.052810838679930666, 0.18463962079178295, 0.3166491724366726, 0.0890359211244818, 0.15269285443884914]
[0.05009933238436837, 0.15618899505779676, 0.024827972662181667, 0.07740334880467482, 0.11228686428585406, 0.35006399599190724, 0.055646553838732085, 0.17348293697448489]
[0.07598214655346182, 0.13030618088870335, 0.03765484623567235, 0.06457647523118415, 0.1702976181945784, 0.29205324208318295, 0.0843952285936824, 0.1447342622195346]
[0.05055091548874374, 0.1575968443823414, 0.0243763895578063, 0.07599549948013021, 0.11329899056262265, 0.3532193870623359, 0.05463442756196352, 0.17032754590405624]
[0.07666703100171092, 0.13148072886937423, 0.03696996178742325, 0.06340192725051327, 0.17183263919050756, 0.29468573843445106, 0.08286020759775325, 0.14210176586826653]

