Action: 0
[0.34911419878062505, 0.0211822098136559, 0.41763193872822435, 0.025339465945307994, 0.08015915138165408, 0.004863588960235191, 0.09589132127898807, 0.005818125111309388]
[0.33131783926856717, 0.03897856932571378, 0.396342835760529, 0.046628568913003404, 0.07607297820063777, 0.008949762141251502, 0.0910031888755293, 0.010706257514768152]
[0.3736144815497666, 0.02266874382436786, 0.3931316559590827, 0.02385293193459603, 0.08578459395100381, 0.005204907947588995, 0.09026587870963833, 0.0054768061239555835]
[0.35456920165054134, 0.0417140237235931, 0.3730914733785547, 0.04389311451512408, 0.08141165959347776, 0.00957784230511503, 0.08566450748268929, 0.010078177350904622]
[0.35842240887335924, 0.021746977617035278, 0.42876699379242983, 0.02601507602785529, 0.07085094128891986, 0.004298821156855812, 0.08475626621478263, 0.005142515028762092]
[0.34015155633351085, 0.04001783015688363, 0.4069102729970972, 0.0478717968231879, 0.06723926113569402, 0.00791050131008165, 0.08043575163896106, 0.009463029604583655]
[0.3835759271171481, 0.02327314613969213, 0.40361347554864085, 0.024488907505198436, 0.07582314838362231, 0.004600505632264724, 0.07978405912008019, 0.004840830553353179]
[0.3640228550192781, 0.04282621823756213, 0.3830389743113299, 0.0450634087425094, 0.07195800622474102, 0.008465647791146003, 0.07571700654991406, 0.0089078831235193]

Action: 1
[0.5813397129186603, 0.1291866028708134, 0.03229665071770335, 0.007177033492822967, 0.1937799043062201, 0.043062200956937795, 0.01076555023923445, 0.0023923444976076554]
[0.4113573407202216, 0.29916897506925205, 0.022853185595567867, 0.016620498614958446, 0.1371191135734072, 0.09972299168975068, 0.007617728531855956, 0.005540166204986149]
[0.5578512396694215, 0.12396694214876032, 0.05578512396694215, 0.012396694214876032, 0.18595041322314051, 0.04132231404958678, 0.01859504132231405, 0.004132231404958678]
[0.39473684210526316, 0.2870813397129186, 0.039473684210526314, 0.028708133971291863, 0.13157894736842105, 0.0956937799043062, 0.013157894736842106, 0.009569377990430622]
[0.3875598086124402, 0.08612440191387559, 0.0215311004784689, 0.004784688995215311, 0.3875598086124402, 0.08612440191387559, 0.0215311004784689, 0.004784688995215311]
[0.2742382271468144, 0.19944598337950137, 0.015235457063711912, 0.011080332409972297, 0.2742382271468144, 0.19944598337950137, 0.015235457063711912, 0.011080332409972297]
[0.37190082644628103, 0.08264462809917356, 0.0371900826446281, 0.008264462809917356, 0.37190082644628103, 0.08264462809917356, 0.0371900826446281, 0.008264462809917356]
[0.2631578947368421, 0.1913875598086124, 0.026315789473684213, 0.019138755980861243, 0.2631578947368421, 0.1913875598086124, 0.026315789473684213, 0.019138755980861243]

