Action: 0
[0.2375718444562597, 0.094792132109613, 0.37128555433060645, 0.14814444614449093, 0.041335791497631114, 0.016493148914455146, 0.06460101488464894, 0.025776067662294764]
[0.19762560782652144, 0.13473836873935124, 0.30885618419863936, 0.210573816276458, 0.03438543375544544, 0.023443506656640817, 0.05373875368947373, 0.03663832885746997]
[0.2860642902874041, 0.11414081520825523, 0.32279310849946197, 0.12879576304584867, 0.04977312814698901, 0.019859680551020633, 0.05616367823529102, 0.022409536025729274]
[0.23796434874217318, 0.16224075675348612, 0.26851744328298754, 0.18307142826232306, 0.04140408441913273, 0.028228724278876915, 0.04672010302578643, 0.031853111235233864]
[0.24934682380115913, 0.09949039675542702, 0.3896879022321792, 0.15548705779700145, 0.02956081215273166, 0.011794884268641122, 0.04619866698307612, 0.018433456009784244]
[0.20742069720466924, 0.14141652335191693, 0.32416429109071265, 0.221010668938468, 0.024590344377297645, 0.016765352044075137, 0.038430646797400415, 0.026201476195459948]
[0.3002427427768264, 0.119798075413324, 0.3387919832565119, 0.1351793791391044, 0.03559467565756671, 0.014202420345951844, 0.040164803478241064, 0.01602591993247352]
[0.24975878211736816, 0.17028203607278222, 0.2818262061780137, 0.19214515621760264, 0.029609651043937753, 0.0201874449595808, 0.033411340130760296, 0.022779383279954286]

Action: 1
[0.05204961684517799, 0.06859003343126885, 0.0016706842480187101, 0.0022015971561434025, 0.36597953219005463, 0.48228113614637586, 0.01174718041337178, 0.015480219569588683]
[0.07560843170446042, 0.04503121857198643, 0.0024268731168910203, 0.0014454082872710924, 0.5316300127074931, 0.31663065562893744, 0.017064215681862012, 0.010163184301098454]
[0.05201307681803844, 0.06854188165158263, 0.0017072242751582632, 0.002249748935829627, 0.3657226061481489, 0.48194256370585054, 0.01200410645527759, 0.015818792010114067]
[0.07555535284790174, 0.04499960562171935, 0.0024799519734497112, 0.001477021237538179, 0.5312567962215714, 0.3164083736324281, 0.0174374321677838, 0.010385466297607861]
[0.11807476040386419, 0.15559676044455636, 0.0037899537835617025, 0.004994331802493254, 0.29995438863136836, 0.39527440913308826, 0.009627910877828787, 0.01268748492323883]
[0.17151802451439477, 0.10215349633402579, 0.005505371204937761, 0.003278914381117196, 0.43572041989755866, 0.259508377866898, 0.01398571759381527, 0.008329678207252347]
[0.11799186920867084, 0.15548752794306878, 0.003872844978755066, 0.005103564303980868, 0.2997438137575164, 0.39499691741436427, 0.009838485751680786, 0.012964976641962826]
[0.17139761491965522, 0.10208178223208442, 0.0056257807996773455, 0.003350628483058589, 0.4354145341498178, 0.25932619702206294, 0.014291603341556164, 0.00851185905208745]

