Action: 0
[0.2341656468963974, 0.07077157834708522, 0.22112140235655692, 0.06682923331626911, 0.16079208850822735, 0.04859598340010201, 0.15183513282163622, 0.04588893435372583]
[0.2311988731496964, 0.0737383520937859, 0.21831989333915902, 0.06963074233366702, 0.15875492484572637, 0.05063314706260302, 0.1499114497714007, 0.04781261740396138]
[0.1803449111693097, 0.05450540751591892, 0.2749421380836447, 0.0830954041474354, 0.1238355638543928, 0.03742666110778469, 0.18879165747547072, 0.057058256646043144]
[0.1780600220111449, 0.0567902966740835, 0.27145874447771073, 0.08657879775336942, 0.12226662278801328, 0.038995602174164236, 0.18639975182911378, 0.05945016229240017]
[0.22702594871398765, 0.06861375666833786, 0.21437942249989814, 0.06479161352889228, 0.16793178669063696, 0.050753805078849364, 0.15857711267829497, 0.047926554141102654]
[0.22414963174182984, 0.07149007364049591, 0.21166333134419182, 0.06750770468459859, 0.16580416625359332, 0.05288142551589301, 0.1565680117663678, 0.0499356550530298]
[0.17484620437115977, 0.05284354052504867, 0.26655916684272607, 0.08056182967218148, 0.12933427065254255, 0.03908852809865495, 0.19717462871638944, 0.059591831121297095]
[0.1726309813625171, 0.055058763533691435, 0.2631819817235045, 0.08393901479140305, 0.12769566343664115, 0.04072713531455629, 0.19467651458331994, 0.06208994525436652]

Action: 1
[0.1111111111111111, 0.1111111111111111, 0.05555555555555555, 0.05555555555555555, 0.2222222222222222, 0.2222222222222222, 0.1111111111111111, 0.1111111111111111]
[0.07407407407407386, 0.14814814814814817, 0.03703703703703704, 0.07407407407407408, 0.14814814814814817, 0.29629629629629634, 0.07407407407407408, 0.14814814814814817]
[0.08333333333333312, 0.08333333333333334, 0.08333333333333334, 0.08333333333333334, 0.16666666666666669, 0.16666666666666669, 0.16666666666666669, 0.16666666666666669]
[0.05555555555555534, 0.11111111111111112, 0.05555555555555556, 0.11111111111111112, 0.11111111111111112, 0.22222222222222224, 0.11111111111111112, 0.22222222222222224]
[0.16666666666666666, 0.16666666666666666, 0.08333333333333333, 0.08333333333333333, 0.16666666666666666, 0.16666666666666666, 0.08333333333333333, 0.08333333333333333]
[0.1111111111111111, 0.2222222222222222, 0.05555555555555555, 0.1111111111111111, 0.1111111111111111, 0.2222222222222222, 0.05555555555555555, 0.1111111111111111]
[0.125, 0.125, 0.125, 0.125, 0.125, 0.125, 0.125, 0.125]
[0.08333333333333333, 0.16666666666666666, 0.08333333333333333, 0.16666666666666666, 0.08333333333333333, 0.16666666666666666, 0.08333333333333333, 0.16666666666666666]

