Action: 0
[0.1786766591586358, 0.15442510136614007, 0.22428856235914868, 0.19384615842199304, 0.05916676778467758, 0.05113613695084642, 0.07427063696149, 0.06418997699706852]
[0.20479847783339314, 0.12830328269138266, 0.2570786603179761, 0.1610560604631655, 0.06781671449243772, 0.04248619024308626, 0.08512870941875647, 0.05333190453980202]
[0.1616542096423684, 0.13971308747228423, 0.24131101187541606, 0.20855817231584886, 0.05352997491873758, 0.04626441887753114, 0.07990742982742999, 0.06906169507038379]
[0.1852874137339005, 0.11607988338075208, 0.27658972441746876, 0.1732794597737961, 0.06135584487330232, 0.038438548922966394, 0.09158957903789187, 0.05737954585992189]
[0.1769183246541729, 0.1529054233882449, 0.22208136685857502, 0.1919385427853678, 0.060925102289140436, 0.05265581492874158, 0.07647783246206358, 0.0660975926336937]
[0.20278308180051674, 0.12704066624190108, 0.2545487815922, 0.15947112805174288, 0.06983211052531417, 0.04374880669256787, 0.08765858814453263, 0.05491683695122469]
[0.16006339092018998, 0.13833818857063504, 0.23893630059255802, 0.20650577760297767, 0.055120793640916, 0.04763931777918034, 0.08228214111028803, 0.07111408978325497]
[0.18346402362606473, 0.11493755586476026, 0.273867839766652, 0.1715742384288837, 0.06317923498113813, 0.039580876438958225, 0.09431146368870866, 0.05908476720483434]

Action: 1
[0.16666666666666666, 0.16666666666666666, 0.08333333333333333, 0.08333333333333333, 0.16666666666666666, 0.16666666666666666, 0.08333333333333333, 0.08333333333333333]
[0.1111111111111111, 0.2222222222222222, 0.05555555555555555, 0.1111111111111111, 0.1111111111111111, 0.2222222222222222, 0.05555555555555555, 0.1111111111111111]
[0.125, 0.125, 0.125, 0.125, 0.125, 0.125, 0.125, 0.125]
[0.08333333333333333, 0.16666666666666666, 0.08333333333333333, 0.16666666666666666, 0.08333333333333333, 0.16666666666666666, 0.08333333333333333, 0.16666666666666666]
[0.1111111111111111, 0.1111111111111111, 0.05555555555555555, 0.05555555555555555, 0.2222222222222222, 0.2222222222222222, 0.1111111111111111, 0.1111111111111111]
[0.07407407407407386, 0.14814814814814817, 0.03703703703703704, 0.07407407407407408, 0.14814814814814817, 0.29629629629629634, 0.07407407407407408, 0.14814814814814817]
[0.08333333333333312, 0.08333333333333334, 0.08333333333333334, 0.08333333333333334, 0.16666666666666669, 0.16666666666666669, 0.16666666666666669, 0.16666666666666669]
[0.05555555555555534, 0.11111111111111112, 0.05555555555555556, 0.11111111111111112, 0.11111111111111112, 0.22222222222222224, 0.11111111111111112, 0.22222222222222224]

