Action: 0
[0.3566685560941877, 0.03388774879754752, 0.3843411164808057, 0.03651697068701242, 0.08289544422984178, 0.007876051708298507, 0.08932698731663986, 0.008487124685666494]
[0.3688587323977499, 0.02169757249398529, 0.39747708232516155, 0.023381004842656563, 0.08572863505268806, 0.005042860885452238, 0.09237999466884489, 0.005434117333461464]
[0.3542783471070224, 0.03366065055648669, 0.386731325467971, 0.036744068928073255, 0.08233992165178503, 0.007823270465727793, 0.08988250989469662, 0.008539905928237208]
[0.36638683112664744, 0.021552166536861615, 0.399948983596264, 0.023526410799780236, 0.0851541258887621, 0.005009066228750712, 0.09295450383277083, 0.0054679119901629904]
[0.33752235739166553, 0.032068632531274635, 0.3637094368444672, 0.0345567160897356, 0.102041642932364, 0.0096951679745714, 0.10995866695297844, 0.010447379282943321]
[0.3490581571494435, 0.020532832773496674, 0.3761402555489693, 0.02212589738523349, 0.10552921030099453, 0.0062076006059408545, 0.11371682144503723, 0.0066892247908845424]
[0.33526045636837, 0.03185372507062898, 0.36597133786776265, 0.03477162355038125, 0.10135781239043744, 0.009630195951585506, 0.11064249749490498, 0.010512351305929214]
[0.3467189491368324, 0.02039523230216661, 0.37847946356158035, 0.02226349785656355, 0.10482200787857723, 0.006166000463445719, 0.11442402386745452, 0.006730824933379677]

Action: 1
[0.4792899408284023, 0.21301775147928995, 0.03994082840236687, 0.01775147928994083, 0.15976331360946747, 0.07100591715976332, 0.013313609467455622, 0.00591715976331361]
[0.5192307692307692, 0.17307692307692307, 0.04326923076923077, 0.014423076923076924, 0.17307692307692307, 0.057692307692307696, 0.014423076923076924, 0.004807692307692308]
[0.47596153846153844, 0.21153846153846156, 0.04326923076923077, 0.019230769230769232, 0.15865384615384615, 0.07051282051282051, 0.014423076923076922, 0.00641025641025641]
[0.515625, 0.171875, 0.046875, 0.015625, 0.171875, 0.057291666666666664, 0.015625, 0.005208333333333333]
[0.4424214838416022, 0.19663177059626766, 0.036868456986800184, 0.016385980883022306, 0.19663177059626763, 0.08739189804278562, 0.016385980883022306, 0.007282658170232136]
[0.47928994082840237, 0.15976331360946747, 0.03994082840236687, 0.013313609467455622, 0.21301775147928995, 0.07100591715976332, 0.01775147928994083, 0.00591715976331361]
[0.43934911242603547, 0.1952662721893491, 0.03994082840236686, 0.01775147928994083, 0.1952662721893491, 0.08678500986193294, 0.01775147928994083, 0.007889546351084813]
[0.47596153846153844, 0.15865384615384615, 0.04326923076923077, 0.014423076923076922, 0.21153846153846154, 0.07051282051282051, 0.019230769230769232, 0.00641025641025641]

