Action: 0
[0.15315842907705657, 0.06911715114367642, 0.32025307015784577, 0.14452341923140094, 0.06976270871094305, 0.03148243104361297, 0.14587327502534325, 0.06582951561012114]
[0.12643203561154545, 0.09584354460918755, 0.2643683917032878, 0.2004080976859589, 0.057589003264470744, 0.04365613649008527, 0.12041815271882914, 0.09128463791663524]
[0.3228462067283269, 0.14569364677524682, 0.1505652925065754, 0.06794692359983051, 0.14705443255160094, 0.06636254695393161, 0.06858155118468534, 0.030949399699802503]
[0.2665090217502291, 0.20203083175334466, 0.12429140556460415, 0.09422081054180177, 0.12139319634732916, 0.09202378315820338, 0.05661395963597072, 0.04291699124851713]
[0.14912083372887439, 0.06729506998484637, 0.31181049005237976, 0.14071346186432382, 0.0738003040591252, 0.03330451220244301, 0.15431585513080917, 0.06963947297719822]
[0.12309900717868295, 0.09331689653503779, 0.25739905547426073, 0.19512489644244285, 0.06092203169733319, 0.04618278456423501, 0.12738748894785615, 0.09656783916015126]
[0.31433526580055904, 0.1418528396187339, 0.14659605798069514, 0.06615569223043627, 0.15556537347936877, 0.07020335411044451, 0.0725507857105656, 0.032740631069196724]
[0.259483253772902, 0.19670485164639095, 0.12101480888004174, 0.09173694133108967, 0.12841896432465624, 0.09734976326515705, 0.059890556320533105, 0.04540086045922922]

Action: 1
[0.16666666666666666, 0.16666666666666666, 0.08333333333333333, 0.08333333333333333, 0.16666666666666666, 0.16666666666666666, 0.08333333333333333, 0.08333333333333333]
[0.1111111111111111, 0.2222222222222222, 0.05555555555555555, 0.1111111111111111, 0.1111111111111111, 0.2222222222222222, 0.05555555555555555, 0.1111111111111111]
[0.125, 0.125, 0.125, 0.125, 0.125, 0.125, 0.125, 0.125]
[0.08333333333333333, 0.16666666666666666, 0.08333333333333333, 0.16666666666666666, 0.08333333333333333, 0.16666666666666666, 0.08333333333333333, 0.16666666666666666]
[0.1111111111111111, 0.1111111111111111, 0.05555555555555555, 0.05555555555555555, 0.2222222222222222, 0.2222222222222222, 0.1111111111111111, 0.1111111111111111]
[0.07407407407407407, 0.14814814814814814, 0.037037037037037035, 0.07407407407407407, 0.14814814814814814, 0.2962962962962963, 0.07407407407407407, 0.14814814814814814]
[0.08333333333333333, 0.08333333333333333, 0.08333333333333333, 0.08333333333333333, 0.16666666666666666, 0.16666666666666666, 0.16666666666666666, 0.16666666666666666]
[0.05555555555555555, 0.1111111111111111, 0.05555555555555555, 0.1111111111111111, 0.1111111111111111, 0.2222222222222222, 0.1111111111111111, 0.2222222222222222]

