Action: 0
[0.2266745609363023, 0.08333003347195346, 0.1793551816162067, 0.06593449757093241, 0.1815316311942951, 0.06673460330596939, 0.14363605050100145, 0.052803441403339056]
[0.22000173345113783, 0.09000286095711797, 0.17407533821184865, 0.07121434097529049, 0.17618771764238828, 0.07207851685787624, 0.13940770400422411, 0.05703178790011642]
[0.18000752378575968, 0.06617431140182495, 0.2260222187667494, 0.08309021964106096, 0.14415847673906995, 0.05299549557882771, 0.18100920495622666, 0.06654254913048076]
[0.17470847678510593, 0.0714733584024787, 0.21936859487788063, 0.08974384352992978, 0.1399147511007341, 0.05723922121716359, 0.17568067054587835, 0.07187108354082909]
[0.23001302771426482, 0.08455731961823962, 0.18199672777298692, 0.06690558196943297, 0.17819316441633265, 0.06550731715968326, 0.14099450434422126, 0.051832357004838514]
[0.22324192271272497, 0.0913284246197795, 0.1766391227454212, 0.07226318699699871, 0.17294752838080119, 0.07075295319521474, 0.13684391947065158, 0.0559829418784082]
[0.18265867764907706, 0.06714892778249422, 0.22935107783817474, 0.08431397380517838, 0.14150732287575257, 0.05202087919815845, 0.1776803458848014, 0.06531879496636336]
[0.17728158619432371, 0.07252601923724761, 0.22259945926382252, 0.09106559237953062, 0.13734164169151633, 0.05618656038239471, 0.1724498061599365, 0.07054933469122826]

Action: 1
[0.040819139321677536, 0.059955434767776095, 0.0012546483808595545, 0.0018428362382244732, 0.3521560248292035, 0.5172492101888576, 0.010824137737937473, 0.01589856853546375]
[0.04151806065736079, 0.05925651343209283, 0.0012761309632151679, 0.0018213536558688596, 0.358185778599926, 0.511219456418135, 0.01100947287559926, 0.01571323339780196]
[0.04084965789626221, 0.060000260661661246, 0.001224129806274876, 0.0017980103443393104, 0.35241931553272615, 0.517635933399154, 0.010560847034414815, 0.015511845325167363]
[0.04154910178296605, 0.059300816774957396, 0.0012450898376099061, 0.0017770503130042801, 0.35845357747028506, 0.5116016714615951, 0.010741674005240235, 0.015331018354341941]
[0.04185869187905403, 0.06148233676956233, 0.0012866008657625905, 0.0018897682695241866, 0.351116472271827, 0.5157223081870714, 0.010792185253034438, 0.01585163650416404]
[0.0425754128419217, 0.06076561580669465, 0.0013086305511144439, 0.001867738584172333, 0.35712842641536513, 0.5097103540435333, 0.010976973287699986, 0.01566684846949849]
[0.04188998767880279, 0.061528304257155726, 0.00125530506601383, 0.0018438007819307934, 0.35137898575018556, 0.5161078898036595, 0.01052967177467586, 0.015466054887575882]
[0.04260724450064557, 0.06081104743531294, 0.001276798892390576, 0.0018223069555540472, 0.35739543475260555, 0.5100914408012395, 0.010709964950459566, 0.015285761711792176]

