Action: 0
[0.3383760285267188, 0.027800847414167038, 0.3906705056626663, 0.03209734201453831, 0.09052097578421778, 0.007437169371942775, 0.1045105811326878, 0.008586550093061203]
[0.3239256979477067, 0.04225117799317914, 0.37398694217598866, 0.048780905501215915, 0.08665528225352664, 0.01130286290263391, 0.10004746223816256, 0.013049668987586423]
[0.3486744293949233, 0.02864696016155473, 0.38037210479446176, 0.03125122926715061, 0.09327596200373746, 0.007663518005001903, 0.10175559491316812, 0.008360201460002076]
[0.33378430614611515, 0.04353708341036285, 0.36412833397758015, 0.0474950000840322, 0.08929261693080788, 0.011646863077931465, 0.09741012756088131, 0.01270566881228887]
[0.35803576012043403, 0.02941608357796993, 0.4133685594117738, 0.03396220558547437, 0.07086124419050256, 0.005821933208139882, 0.08181252738358023, 0.006721686522125137]
[0.3427458617332035, 0.04470598196520046, 0.3957156767283349, 0.05161508826891325, 0.06783511846802985, 0.00884805893061259, 0.07831872768581628, 0.010215486219889082]
[0.36893250064583855, 0.030311355686864667, 0.4024718188863693, 0.03306693347657964, 0.07301789075282221, 0.005999122479691965, 0.07965588082126059, 0.0065444972505730534]
[0.3531772575250836, 0.0460665988076196, 0.3852842809364548, 0.050254471426494106, 0.06989966555183946, 0.009117347680674712, 0.07625418060200669, 0.009946197469826959]

Action: 1
[0.40857142857142853, 0.14857142857142858, 0.031428571428571424, 0.011428571428571427, 0.2723809523809524, 0.09904761904761905, 0.02095238095238095, 0.007619047619047619]
[0.41785714285714287, 0.1392857142857143, 0.03214285714285714, 0.010714285714285713, 0.2785714285714286, 0.09285714285714286, 0.02142857142857143, 0.007142857142857143]
[0.40615384615384614, 0.1476923076923077, 0.033846153846153845, 0.012307692307692308, 0.27076923076923076, 0.09846153846153846, 0.022564102564102562, 0.008205128205128205]
[0.4153846153846154, 0.13846153846153847, 0.03461538461538462, 0.011538461538461539, 0.27692307692307694, 0.09230769230769231, 0.023076923076923078, 0.007692307692307693]
[0.5107142857142857, 0.1857142857142857, 0.03928571428571428, 0.014285714285714285, 0.17023809523809524, 0.06190476190476191, 0.013095238095238094, 0.0047619047619047615]
[0.5223214285714286, 0.17410714285714285, 0.040178571428571425, 0.013392857142857142, 0.17410714285714285, 0.05803571428571429, 0.013392857142857142, 0.004464285714285714]
[0.5076923076923077, 0.1846153846153846, 0.04230769230769231, 0.015384615384615385, 0.16923076923076924, 0.06153846153846154, 0.014102564102564103, 0.005128205128205128]
[0.5192307692307692, 0.17307692307692307, 0.04326923076923077, 0.014423076923076924, 0.17307692307692307, 0.057692307692307696, 0.014423076923076924, 0.004807692307692308]

