Action: 0
[0.2553723588550872, 0.1117415747781431, 0.3347410438370158, 0.14647039933735748, 0.045658785369429467, 0.01997860928454064, 0.0598493491755152, 0.026187879362910955]
[0.24967612955411, 0.11743780407912027, 0.3272744497596744, 0.15393699341469885, 0.04464033955080444, 0.020997055103165657, 0.05851437456061791, 0.027522853977808247]
[0.18670176561415672, 0.08169384265829695, 0.4034116370779464, 0.1765181314572037, 0.0333809652794398, 0.014606285678927997, 0.07212716926550487, 0.031560202968523604]
[0.18253727391817398, 0.08585833435427967, 0.39441330539561054, 0.1855164631395395, 0.03263638339370978, 0.015350867564658026, 0.07051833071771259, 0.03316904151631589]
[0.22197293953116812, 0.09712721428641866, 0.29096122154864074, 0.12731395535907125, 0.07905820469334858, 0.034592969776265095, 0.10362917146389035, 0.045344323341197194]
[0.2170217037441385, 0.10207845007344826, 0.2844711619232998, 0.1338040149844122, 0.077294765360776, 0.03635640910883768, 0.1013176623969926, 0.047655832408094935]
[0.16228357647959268, 0.07100933898154997, 0.3506505846002162, 0.15343183066393998, 0.057799154414003864, 0.025290789355674987, 0.12488822174323509, 0.054646503761787306]
[0.1586637467237224, 0.07462916873742023, 0.3428291189437159, 0.16125329632044025, 0.05650991058816137, 0.02658003318151747, 0.12210251716960722, 0.05743220833541516]

Action: 1
[0.16666666666666666, 0.16666666666666666, 0.08333333333333333, 0.08333333333333333, 0.16666666666666666, 0.16666666666666666, 0.08333333333333333, 0.08333333333333333]
[0.1111111111111111, 0.2222222222222222, 0.05555555555555555, 0.1111111111111111, 0.1111111111111111, 0.2222222222222222, 0.05555555555555555, 0.1111111111111111]
[0.125, 0.125, 0.125, 0.125, 0.125, 0.125, 0.125, 0.125]
[0.08333333333333333, 0.16666666666666666, 0.08333333333333333, 0.16666666666666666, 0.08333333333333333, 0.16666666666666666, 0.08333333333333333, 0.16666666666666666]
[0.1111111111111111, 0.1111111111111111, 0.05555555555555555, 0.05555555555555555, 0.2222222222222222, 0.2222222222222222, 0.1111111111111111, 0.1111111111111111]
[0.07407407407407407, 0.14814814814814814, 0.037037037037037035, 0.07407407407407407, 0.14814814814814814, 0.2962962962962963, 0.07407407407407407, 0.14814814814814814]
[0.08333333333333333, 0.08333333333333333, 0.08333333333333333, 0.08333333333333333, 0.16666666666666666, 0.16666666666666666, 0.16666666666666666, 0.16666666666666666]
[0.05555555555555555, 0.1111111111111111, 0.05555555555555555, 0.1111111111111111, 0.1111111111111111, 0.2222222222222222, 0.1111111111111111, 0.2222222222222222]

