Action: 0
[0.19087492868985656, 0.0715148956004389, 0.3474937674502186, 0.13019510038107066, 0.06703673762589037, 0.02511657935180846, 0.12204247396494453, 0.045725516935771905]
[0.1879918602210449, 0.07439796406925057, 0.34224505128345495, 0.13544381654783424, 0.06602418188675899, 0.026129135090939833, 0.12019908462639071, 0.047568906274325716]
[0.17058146072833485, 0.06391156470412618, 0.36778723541174024, 0.13779843127738337, 0.05990951616944438, 0.022446231276880647, 0.1291696954213905, 0.04839586501069972]
[0.16800491474523827, 0.06648811068722277, 0.3622319967592616, 0.14335366992986207, 0.05900461347617062, 0.023351133970154404, 0.1272186530369791, 0.05034690739511115]
[0.19607777848827398, 0.07346424150308055, 0.3569657179590638, 0.13374394546209878, 0.06183388782747293, 0.02316723344916682, 0.11257052345609929, 0.04217667185474378]
[0.19311612362624272, 0.0764258963651118, 0.35157393280970706, 0.1391357306114555, 0.06089991848156114, 0.024101202795078613, 0.11087020310013862, 0.04387699221070445]
[0.17523115319793225, 0.06565365977035514, 0.3778123432494055, 0.14155452719482417, 0.05525982369984697, 0.020704136210651675, 0.11914458758372526, 0.04463976909325893]
[0.17258437598100743, 0.06830043698727997, 0.37210568045494236, 0.14726118998928733, 0.05442515224040146, 0.02153880767009719, 0.1173449693412983, 0.04643938733568588]

Action: 1
[0.05394460425274391, 0.07535965628259579, 0.0015617921851523798, 0.0021817960088555267, 0.3515080563346561, 0.4910505262367478, 0.01017678307230596, 0.014216785626942601]
[0.0559940646849485, 0.07331019585039118, 0.0016211277077896292, 0.002122460486218277, 0.36486253104140814, 0.4776960515299956, 0.01056341885400714, 0.013830149845241417]
[0.05395267519359202, 0.0753709312439495, 0.001553721244304276, 0.002170521047501828, 0.35156064733554687, 0.4911239949331186, 0.010124192071415176, 0.014143316930571814]
[0.05600244225653657, 0.07332116418100494, 0.0016127501362015655, 0.002111492155604538, 0.36491712007670685, 0.47776752219195856, 0.010508829818708492, 0.013758679183278496]
[0.024423666497705034, 0.034119429327988456, 7.071085606665373E-4, 9.878181298104676E-4, 0.381028994089695, 0.5322907531913552, 0.011031466696791803, 0.015410763505987662]
[0.025351569089443134, 0.03319152673625035, 7.339729901388416E-4, 9.609537003381631E-4, 0.39550502663691356, 0.5178147206441365, 0.01145057357165793, 0.014991656631121533]
[0.02442732065311738, 0.03412453411835057, 7.034544052541957E-4, 9.827133394483575E-4, 0.3810860018760216, 0.5323703920587176, 0.01097445891046526, 0.015331124638625286]
[0.025355362073326546, 0.03319649269814139, 7.30180006255433E-4, 9.559877384471199E-4, 0.3955642002599169, 0.5178921936748222, 0.011391399948654627, 0.014914183600435916]

