Action: 0
[0.13886958565119678, 0.06630770594400552, 0.3312364583265836, 0.15815939518837085, 0.06106556391346509, 0.02915769811144405, 0.14565565974407796, 0.06954793312085619]
[0.13931722628811793, 0.06586006530708437, 0.33230418599698397, 0.15709166751797046, 0.06126240635233311, 0.028960855672576034, 0.1461251750234191, 0.06907841784151506]
[0.17392753983537546, 0.08304724258294777, 0.29617850414240493, 0.1414198585494286, 0.07648170944216635, 0.03651862771826692, 0.1302395142153767, 0.062187003514033314]
[0.1744881884060826, 0.08248659401224062, 0.29713322387901936, 0.14046513881281422, 0.07672824521864302, 0.03627209194179026, 0.13065933615710917, 0.061767181572300815]
[0.13415670528074736, 0.06405739113037921, 0.3199951357928969, 0.15279186776694084, 0.06577844428391448, 0.031408012925070346, 0.15689698227776464, 0.07491546054228618]
[0.13458915413351458, 0.063624942277612, 0.3210266275030961, 0.15176037605674167, 0.06599047850693644, 0.031195978702048377, 0.157402733517307, 0.07440970930274382]
[0.16802488170813398, 0.08022883049110072, 0.2861269593655103, 0.13662042840621935, 0.08238436756940784, 0.03933703981011397, 0.1402910589922713, 0.06698643365724255]
[0.16856650329297365, 0.07968720890626105, 0.287049278343637, 0.13569810942809266, 0.08264993033175197, 0.03907147704776985, 0.14074328169249148, 0.06653421095702236]

Action: 1
[0.04560451444113513, 0.06429313286680725, 0.00351614744432295, 0.004957056063143412, 0.3396635995158412, 0.47885691145506737, 0.02618835683271517, 0.03692028138096774]
[0.03938105645498135, 0.07051659085296103, 0.0030363134594416676, 0.005436890048024693, 0.2933111239568451, 0.5252093870140634, 0.022614540940317538, 0.04049409727336538]
[0.04486780601515765, 0.06325452313055835, 0.0042528558703004244, 0.005995665799392305, 0.3341765761623933, 0.47112131935788903, 0.03167538018616303, 0.04465587347814603]
[0.03874488355697303, 0.06937744558874298, 0.003672486357449991, 0.006576035312242738, 0.2885728918081212, 0.5167250037121611, 0.027352773089041472, 0.04897848057526759]
[0.026385416084953754, 0.0371980950325781, 0.002034338364774366, 0.0028680052487195427, 0.35888269787202254, 0.5059519492892964, 0.02767016591226375, 0.03900933219539161]
[0.02278470833783256, 0.0407988027796993, 0.0017567206881486021, 0.0031456229253453067, 0.3099074720739939, 0.5549271750873251, 0.0238941337116106, 0.04278536439604476]
[0.025959178494423165, 0.036597186320433316, 0.0024605759553049584, 0.0034689139608643357, 0.3530852036831278, 0.49777865616801403, 0.0334676601011585, 0.047182625316674]
[0.022416637614536366, 0.040139727200320115, 0.0021247914114447992, 0.003804698504724495, 0.3049011377505578, 0.545962722100584, 0.028900468035046666, 0.051749817382785834]

