Action: 0
[0.11272299520353915, 0.04670999201443922, 0.2377472807100424, 0.09851737494526806, 0.1146797306802182, 0.04752082123632968, 0.24187428725213528, 0.10022751795802794]
[0.1140313778339038, 0.045401609384074566, 0.2405068277921242, 0.09575782786318625, 0.11601082525773508, 0.04618972665881279, 0.24468173674902896, 0.09742006846113427]
[0.18765896007265861, 0.07776184895197534, 0.16281131584092295, 0.06746551800773194, 0.19091649367552138, 0.07911170102343369, 0.16563752425683212, 0.06863663817092393]
[0.18983712898440566, 0.0755836800402283, 0.16470107664162237, 0.06557575720703253, 0.19313247297703068, 0.0768957217219244, 0.16756008902973338, 0.06671407339802267]
[0.15005162385994164, 0.062178175265799294, 0.31647815491782794, 0.13114176093585625, 0.0773511020238157, 0.032052637984969594, 0.16314341304434973, 0.06760313196743975]
[0.15179328214325696, 0.06043651698248397, 0.32015153602375634, 0.12746837982992784, 0.07824892094838191, 0.03115481906040338, 0.1650370285173968, 0.06570951649439268]
[0.24980290525394314, 0.10351296723908426, 0.21672687352382647, 0.08980696896257129, 0.12877254849423686, 0.05336058273632476, 0.11172196657392859, 0.04629518721608458]
[0.2527023827000377, 0.10061348979298972, 0.21924243546697567, 0.08729140701942212, 0.13026721926139864, 0.05186591196916297, 0.11301873020438008, 0.044998423585633086]

Action: 1
[0.05980221983566521, 0.0694725567492968, 0.0019418232682678527, 0.0022558264153497002, 0.38824702529702115, 0.45102863358271095, 0.012606674294520313, 0.014645240557168046]
[0.04795406017822545, 0.08132071640673655, 0.001557104570998894, 0.0026405451126186585, 0.3113265906562024, 0.5279490682235296, 0.010109009655962217, 0.017142905195726137]
[0.05996322773444219, 0.06965960048137909, 0.0017808153694908822, 0.0020687826832674143, 0.3892923182296458, 0.45224295594032504, 0.011561381361895726, 0.013430918199553967]
[0.04808316880476703, 0.08153965941105423, 0.001427995944457312, 0.0024216021083009838, 0.31216478763839967, 0.529370486531571, 0.009270812673764933, 0.015721486887684755]
[0.043319471505957205, 0.050324460376508055, 0.001406615974632545, 0.0016340732566560573, 0.4047297736267292, 0.47017672995549975, 0.013141881588155619, 0.015266993715861689]
[0.03473691359942955, 0.0589070182830357, 0.0011279338339035085, 0.0019127553973850935, 0.3245437372349983, 0.5503627663472305, 0.010538180393057603, 0.017870694910959703]
[0.04343610224479047, 0.05045995092593201, 0.0012899852357992792, 0.0014985827072321013, 0.40581944371929746, 0.47144260549577216, 0.012052211495587328, 0.01400111817558928]
[0.03483043717571167, 0.05906561599501079, 0.001034410257621382, 0.0017541576854099982, 0.32541751926745505, 0.5518445299476145, 0.009664398360600863, 0.01638893131057574]

