Action: 0
[0.2774132855717, 0.09090988370437206, 0.3039330487426979, 0.0996005582723707, 0.08199702744608847, 0.026870884045318975, 0.0898356633791684, 0.02943964883828354]
[0.23613065684629708, 0.13219251242977492, 0.2587039416263351, 0.14482966538873354, 0.06979482583318615, 0.03907308565822134, 0.07646697294338198, 0.04280833927407]
[0.24709557250013992, 0.08097459973324567, 0.3342507618142578, 0.10953584224349712, 0.07303580431754152, 0.02393424115604186, 0.0987968865077154, 0.032376291727560666]
[0.21032460546374823, 0.11774556676963756, 0.28450999300888397, 0.15927661104887092, 0.06216714679420542, 0.03480289867937796, 0.0840946519823627, 0.04707852625291338]
[0.2654763560702648, 0.0869980852101998, 0.2908549895267483, 0.09531480519478934, 0.09393395694752363, 0.030782682539491242, 0.10291372259511804, 0.03372540191586491]
[0.2259700944273306, 0.12650434685313394, 0.24757206412244098, 0.1385977305990966, 0.07995538825215256, 0.04476125123486228, 0.08759885044727604, 0.049040274063706875]
[0.23646319624976556, 0.07749031062852339, 0.3198681493472476, 0.10482257977646575, 0.0836681805679161, 0.02741853026076413, 0.11317949897472555, 0.03708955419459202]
[0.20127446216342304, 0.11267904471486587, 0.2722676963863486, 0.1524230327373647, 0.07121729009453062, 0.03986942073414961, 0.09633694860489801, 0.053932104564419554]

Action: 1
[0.16666666666666666, 0.16666666666666666, 0.08333333333333333, 0.08333333333333333, 0.16666666666666666, 0.16666666666666666, 0.08333333333333333, 0.08333333333333333]
[0.1111111111111111, 0.2222222222222222, 0.05555555555555555, 0.1111111111111111, 0.1111111111111111, 0.2222222222222222, 0.05555555555555555, 0.1111111111111111]
[0.125, 0.125, 0.125, 0.125, 0.125, 0.125, 0.125, 0.125]
[0.08333333333333333, 0.16666666666666666, 0.08333333333333333, 0.16666666666666666, 0.08333333333333333, 0.16666666666666666, 0.08333333333333333, 0.16666666666666666]
[0.1111111111111111, 0.1111111111111111, 0.05555555555555555, 0.05555555555555555, 0.2222222222222222, 0.2222222222222222, 0.1111111111111111, 0.1111111111111111]
[0.07407407407407386, 0.14814814814814817, 0.03703703703703704, 0.07407407407407408, 0.14814814814814817, 0.29629629629629634, 0.07407407407407408, 0.14814814814814817]
[0.08333333333333312, 0.08333333333333334, 0.08333333333333334, 0.08333333333333334, 0.16666666666666669, 0.16666666666666669, 0.16666666666666669, 0.16666666666666669]
[0.05555555555555534, 0.11111111111111112, 0.05555555555555556, 0.11111111111111112, 0.11111111111111112, 0.22222222222222224, 0.11111111111111112, 0.22222222222222224]

