Action: 0
[0.13955313664870797, 0.04312347239137773, 0.2563530164708447, 0.07921593518929494, 0.12972680944509232, 0.040087027922627146, 0.2383024826027497, 0.0736381193293056]
[0.1412335812827877, 0.041443027757298176, 0.2594399198633706, 0.07612903179676896, 0.13128892926599625, 0.03852490810172318, 0.2411720284817912, 0.07076857345026401]
[0.17841955010588756, 0.05513362671626132, 0.21748660301366515, 0.06720578086441134, 0.16585652987599728, 0.051251513644165025, 0.20217276217184468, 0.062473633607767705]
[0.180568008985354, 0.05298516783679477, 0.2201054921608041, 0.06458689171727237, 0.16785370974848388, 0.04925433377167841, 0.2046072479993036, 0.060039147780308784]
[0.1590149148365441, 0.049137378452714826, 0.2921034529293037, 0.09026321794207809, 0.11026503125725616, 0.034073121861290044, 0.20255204614429062, 0.06259083657652244]
[0.1609297106397251, 0.047222582649533856, 0.29562084918322523, 0.08674582168815663, 0.1115927999090587, 0.032745353209487515, 0.20499109916193672, 0.060151783558876376]
[0.20330155413618847, 0.06282244288772335, 0.24781681362965935, 0.07657815350706958, 0.14097452584569625, 0.04356269747270301, 0.17184255155585054, 0.05310126096510947]
[0.20574963243777605, 0.06037436458613575, 0.2508009273851742, 0.07359403975155472, 0.14267208629606182, 0.04186513702233744, 0.17391181277493356, 0.05103199974602644]

Action: 1
[0.10012896040241877, 0.08229093939542002, 0.03319883061445523, 0.02728444345285498, 0.3120886274089563, 0.2564898928431285, 0.10347633128724151, 0.0850419745955247]
[0.12161326653189253, 0.060806633265946264, 0.04032218271154014, 0.02016109135577007, 0.3790523468347232, 0.1895261734173616, 0.1256788705885108, 0.0628394352942554]
[0.066663895508437, 0.0547876914241375, 0.066663895508437, 0.0547876914241375, 0.20778247934809893, 0.1707659337193266, 0.20778247934809893, 0.1707659337193266]
[0.08096772462171634, 0.04048386231085817, 0.08096772462171634, 0.04048386231085817, 0.252365608711617, 0.1261828043558085, 0.252365608711617, 0.1261828043558085]
[0.1374058626037917, 0.11292694407951617, 0.04555838730056558, 0.03744213934945989, 0.2748117252075834, 0.22585388815903235, 0.09111677460113116, 0.07488427869891978]
[0.16688853778887203, 0.08344426889443596, 0.055333684433350315, 0.027666842216675158, 0.33377707557774383, 0.16688853778887192, 0.11066736886670063, 0.055333684433350315]
[0.09148212495217843, 0.07518454171448805, 0.09148212495217865, 0.07518454171448805, 0.1829642499043573, 0.1503690834289761, 0.1829642499043573, 0.1503690834289761]
[0.1111111111111111, 0.05555555555555555, 0.1111111111111111, 0.05555555555555555, 0.2222222222222222, 0.1111111111111111, 0.2222222222222222, 0.1111111111111111]

