Action: 0
[0.21773169042019583, 0.07798230477367414, 0.3322020848001641, 0.11898077020088861, 0.07378338339939908, 0.02642609479759539, 0.11257430529100718, 0.04031936631707552]
[0.2073451407316149, 0.0883688544622551, 0.316354904016475, 0.1348279509845778, 0.07026366251545009, 0.029945815681544377, 0.10720412415979014, 0.04568954744829258]
[0.2773833068308789, 0.09934699689636348, 0.2725504683894811, 0.0976160780781993, 0.0939977034900085, 0.03366601135294994, 0.0923599852003978, 0.03307944976172098]
[0.26415117009588307, 0.11257913363135935, 0.2595488746522069, 0.11061767181547359, 0.08951369008788357, 0.03815002475507487, 0.0879540965873567, 0.0374853383747621]
[0.2075963500896235, 0.0743522535068224, 0.31673818433864903, 0.1134422535226211, 0.08391872372997142, 0.030056146064447134, 0.1280382057525222, 0.045857882995343]
[0.19769329095655613, 0.08425531263988979, 0.30162868473592547, 0.12855175312534475, 0.07991551229050887, 0.03405935750390968, 0.12193034344033962, 0.05196574530752561]
[0.26447120289541176, 0.09472242606599085, 0.2598633315328609, 0.0930720809634527, 0.10690980742547564, 0.03829058218332255, 0.105047122057018, 0.037623446876467584]
[0.25185501787994297, 0.10733861108145969, 0.24746695781253872, 0.10546845468377491, 0.10180984230382367, 0.043390547304974526, 0.10003601342702483, 0.04263455550646077]

Action: 1
[0.16666666666666666, 0.16666666666666666, 0.08333333333333333, 0.08333333333333333, 0.16666666666666666, 0.16666666666666666, 0.08333333333333333, 0.08333333333333333]
[0.1111111111111111, 0.2222222222222222, 0.05555555555555555, 0.1111111111111111, 0.1111111111111111, 0.2222222222222222, 0.05555555555555555, 0.1111111111111111]
[0.125, 0.125, 0.125, 0.125, 0.125, 0.125, 0.125, 0.125]
[0.08333333333333333, 0.16666666666666666, 0.08333333333333333, 0.16666666666666666, 0.08333333333333333, 0.16666666666666666, 0.08333333333333333, 0.16666666666666666]
[0.1111111111111111, 0.1111111111111111, 0.05555555555555555, 0.05555555555555555, 0.2222222222222222, 0.2222222222222222, 0.1111111111111111, 0.1111111111111111]
[0.07407407407407407, 0.14814814814814814, 0.037037037037037035, 0.07407407407407407, 0.14814814814814814, 0.2962962962962963, 0.07407407407407407, 0.14814814814814814]
[0.08333333333333333, 0.08333333333333333, 0.08333333333333333, 0.08333333333333333, 0.16666666666666666, 0.16666666666666666, 0.16666666666666666, 0.16666666666666666]
[0.05555555555555555, 0.1111111111111111, 0.05555555555555555, 0.1111111111111111, 0.1111111111111111, 0.2222222222222222, 0.1111111111111111, 0.2222222222222222]

