Action: 0
[0.286549882129742, 0.09645754254240817, 0.37759682494779084, 0.1271054852145738, 0.036246940846588305, 0.01220133406706103, 0.047763864622862265, 0.016078125628973577]
[0.29113075687534573, 0.09187666779680441, 0.38363320418678254, 0.12106910597558208, 0.036826395616192255, 0.011621879297457076, 0.04852743248608071, 0.015314557765755122]
[0.2400687714803561, 0.0808112136220859, 0.4240779355971766, 0.14275181413489604, 0.030367343005995983, 0.010222161873284301, 0.05364346246345456, 0.0180572978227503]
[0.24390658486317424, 0.07697340023926777, 0.4308573761989539, 0.1359723735331187, 0.030852804712116207, 0.009736700167164075, 0.05450102339015674, 0.017199736896048118]
[0.27611627010191653, 0.09294541205899977, 0.36384808861901385, 0.12247742775567419, 0.04668055287441368, 0.01571346455046942, 0.06151260095163924, 0.02070618308787319]
[0.28053034990945064, 0.08853133225146564, 0.36966467632096367, 0.11666084005372432, 0.04742680258208727, 0.014967214842795827, 0.06249596035189955, 0.01972282368761288]
[0.23132759035333475, 0.07786878403822448, 0.4086367683675956, 0.13755405577644944, 0.03910852413301738, 0.013164591457145741, 0.06908462969303553, 0.023255056181196866]
[0.23502566452016047, 0.07417070987139872, 0.41516936171025376, 0.13102146243379123, 0.03973372505512999, 0.01253939053503313, 0.07018903787885682, 0.02215064799537557]

Action: 1
[0.10998503988280589, 0.0972949619981016, 0.03463989650214616, 0.030643143989270535, 0.2935364314271785, 0.25966818733890784, 0.09244958782650199, 0.08178275103508736]
[0.16165638630546747, 0.045623615575440014, 0.05091383788649032, 0.014369202604926376, 0.43144084690138457, 0.12176377186470178, 0.13588271913513786, 0.038349619726451484]
[0.10649257092450204, 0.094205454234684, 0.03813236546045003, 0.03373265175268814, 0.2842154649031579, 0.25142267426998055, 0.10177055435052267, 0.09002826410401468]
[0.1565231435327685, 0.044174881626417535, 0.056047080659189306, 0.015817936553948864, 0.4177408585506692, 0.11789728062246926, 0.14958270748585334, 0.042216110968684016]
[0.12329458651017661, 0.10906885265361098, 0.03883175130488906, 0.03435134243306807, 0.28022688479980784, 0.24789429668339852, 0.0882577330237591, 0.07807455259128983]
[0.1812188032799712, 0.051144635883816375, 0.05707504035594155, 0.01610805338201558, 0.41187842992688095, 0.11624275155632544, 0.12972151666568663, 0.03661076894936228]
[0.11937948572399215, 0.10560547633791895, 0.04274685209107352, 0.03781471874876011, 0.2713285501036678, 0.24002265216674562, 0.09715606771989917, 0.08594619710794271]
[0.17546437480687468, 0.04952058725503639, 0.06282946882903806, 0.017732102010795562, 0.398799627276563, 0.11255157499385039, 0.14280031931600456, 0.040301945511837314]

