Action: 0
[0.14065733175667144, 0.07072389394594036, 0.2864981010774864, 0.14405407143205248, 0.07845781655687062, 0.0394493641255567, 0.15980692351760797, 0.0803524975878141]
[0.1561464730748569, 0.05523475262775488, 0.318047182234932, 0.11250499027460689, 0.08709756674257683, 0.03080961393985049, 0.17740481188272186, 0.06275460922270024]
[0.18472831457259184, 0.09288321885165172, 0.24242711826156596, 0.1218947465263411, 0.10304034661107433, 0.051809702735448854, 0.13522439346340423, 0.06799215897792193]
[0.20507053871512668, 0.07254099470911685, 0.26912311659466215, 0.09519874819324488, 0.11438711730692927, 0.04046293203959392, 0.15011526131836936, 0.05310129112295679]
[0.1623347738891988, 0.08162352569106913, 0.3306518322027864, 0.16625500300400498, 0.05678037442434325, 0.02854973238042793, 0.11565319239230801, 0.05815156601586162]
[0.18021102834549185, 0.06374727123477608, 0.3670631084024929, 0.12984372680429845, 0.0630330114719419, 0.022297095332829284, 0.12838888571516097, 0.04541587269300867]
[0.21319776795532844, 0.10719794085436067, 0.2797888381366567, 0.1406805878407134, 0.07457089322833776, 0.03749498073273992, 0.09786267358831348, 0.049206317663549624]
[0.2366750393875385, 0.08372066942215058, 0.31059909736044616, 0.10987032861692395, 0.08278261663451748, 0.0292832573265602, 0.10863928055258537, 0.038429710699277746]

Action: 1
[0.01898530827213468, 0.035416694922933645, 5.671753497178051E-4, 0.0010580537350687483, 0.3198732699511025, 0.5967168851551966, 0.009556033073014482, 0.017826579540831652]
[0.020367666627122985, 0.03403433656794533, 6.08472523942602E-4, 0.001016756560843951, 0.3431638839836035, 0.5734262711226955, 0.010251826997963, 0.01713078561588313]
[0.018943724635536344, 0.0353391215198538, 6.087589863161383E-4, 0.0011356271381485871, 0.31917264957536223, 0.5954098925191695, 0.010256653448754717, 0.019133572176858675]
[0.02032305520258155, 0.03395979095280859, 6.530839484840404E-4, 0.001091302175980685, 0.3424122500337776, 0.5721702920607541, 0.011003460947788892, 0.0183867646778245]
[0.042371636906771565, 0.07904340115008898, 0.0012658286942849773, 0.002361376915643082, 0.2964869413164656, 0.5530901789280411, 0.008857379728447308, 0.016523256360257314]
[0.045456800732031954, 0.07595823732482859, 0.0013579962191124283, 0.002269209390815631, 0.3180747498786945, 0.5315023703658123, 0.009502303302793174, 0.01587833278591145]
[0.04227883005181037, 0.07887027190605422, 0.001358635549246285, 0.002534506159677843, 0.2958375441590883, 0.5518787421329691, 0.00950677688582457, 0.01773469315532942]
[0.04535723642391176, 0.07579186553395273, 0.0014575605272326212, 0.002435581181691507, 0.31737806881244734, 0.5303382174796101, 0.01019898436904031, 0.01704248567211368]

