Action: 0
[0.2971396990175227, 0.08702844813347854, 0.25277361318525177, 0.07403418445041694, 0.12079244228253233, 0.03537857389255024, 0.1027568587508938, 0.030096180287353575]
[0.27304340694043006, 0.1111247402105712, 0.23227515124013595, 0.0945326463955328, 0.11099688154268784, 0.04517413463239474, 0.09442387837306797, 0.038429160665179415]
[0.1529342218650461, 0.044792493360610086, 0.39697909033772844, 0.11627013922328543, 0.06217041421505977, 0.0182089255890144, 0.16137888681836637, 0.04726582859088942]
[0.1405321507489085, 0.0571945644767477, 0.3647864074316576, 0.14846282212935633, 0.05712875716138022, 0.023250582642693956, 0.1482920027543756, 0.0603527126548802]
[0.19253211867526357, 0.05639021497147981, 0.1637850460664568, 0.04797056210854362, 0.22540002262479153, 0.066016807054549, 0.19174542586968882, 0.05615980262922692]
[0.17691888967503153, 0.07200344397171189, 0.15050303655737174, 0.06125257161762871, 0.20712139880808647, 0.08429543087125409, 0.17619599305583225, 0.07170923544308352]
[0.09909396102569838, 0.029023364013562418, 0.25722320371602203, 0.07533741306646101, 0.11601067505440751, 0.033978054936062076, 0.3011347734400729, 0.08819855474771386]
[0.09105802023472906, 0.03705930480453176, 0.2363639059976742, 0.09619671078480883, 0.10660288767555971, 0.043385842314909905, 0.276714504188359, 0.11261882399942771]

Action: 1
[0.02458430543706297, 0.03481571997958052, 8.736472110861311E-4, 0.0012372388042438032, 0.37508958761281347, 0.5311931257531667, 0.013329478555507672, 0.01887689664653876]
[0.02379481758994082, 0.03560520782670268, 8.455913500982983E-4, 0.001265294665231636, 0.36304415188714373, 0.5432385614788364, 0.012901422479040952, 0.019304952723005482]
[0.02473469894971373, 0.03502870376456477, 7.232536984353727E-4, 0.0010242550192595629, 0.3773841832760601, 0.5344426786145429, 0.011034882892261033, 0.015627343785162544]
[0.023940381442025094, 0.0358230212722534, 7.00027498014024E-4, 0.0010474812196809115, 0.3652650600754755, 0.5465618018151275, 0.010680514290709155, 0.015981712386714423]
[0.04494766300174477, 0.06365383202757063, 0.0015972954992298902, 0.002262052632245357, 0.35472623004813175, 0.5023550137051767, 0.012605830267363916, 0.017852082818537212]
[0.04350423667484428, 0.06509725835447111, 0.0015460007661680492, 0.0023133473653071976, 0.34333473280224036, 0.5137465109510682, 0.012201013062971205, 0.018256900022929925]
[0.045222628545985195, 0.06404323181829547, 0.001322329954989462, 0.0018726528415205237, 0.3568962536797887, 0.5054281505608123, 0.010435806635706946, 0.014778945962901587]
[0.04377037211582591, 0.06549548824845475, 0.0012798653251864212, 0.0019151174713235644, 0.3454350694016748, 0.5168893348389263, 0.01010067646353676, 0.015114076135071772]

