Action: 0
[0.1006084996150133, 0.08322007287010219, 0.12037199602813753, 0.09956779317168564, 0.14856530685949776, 0.122888381301052, 0.17774942073126687, 0.14702852942324468]
[0.14039102634473744, 0.04343754614037808, 0.1679693875787917, 0.05197040162103147, 0.20731087322679176, 0.06414281493375801, 0.2480349444046503, 0.07674300574986126]
[0.11419860569522541, 0.0944613658288027, 0.10678188994792542, 0.08832650021298515, 0.1686333755394381, 0.13948803385821662, 0.15768135205132652, 0.13042887686608007]
[0.15935492052898312, 0.04930505099504501, 0.14900549339454605, 0.04610289676636454, 0.2353142404324894, 0.07280716896516536, 0.2200315771989527, 0.06807865171845393]
[0.18429191117100996, 0.15244026434853244, 0.22049414596561923, 0.18238557343470782, 0.06488189530350111, 0.05366818982262178, 0.0776272707937852, 0.0642107491602225]
[0.25716446080933686, 0.07956771471020556, 0.30768175227314803, 0.09519796712717907, 0.09053743876219236, 0.02801264636393054, 0.10832257971029405, 0.033515440243713675]
[0.20918589758491046, 0.1730317588178823, 0.19560015955171875, 0.161794078965358, 0.0736460836497531, 0.06091764086913707, 0.06886308244753322, 0.056961298113707225]
[0.29190200600514965, 0.0903156503976431, 0.27294420707733524, 0.08445003143974153, 0.1027671549563229, 0.03179656956256728, 0.09609286351616352, 0.029731517045076938]

Action: 1
[0.07256361295227196, 0.11261036509524797, 0.021668241902769475, 0.03362661439209145, 0.22919529543481437, 0.35568468612503906, 0.06844007488608356, 0.10621110921168203]
[0.11290112499723597, 0.07227285305028394, 0.033713438292329784, 0.021581418002531133, 0.35660306379292844, 0.22827691776692494, 0.10648534623842734, 0.06816583785933823]
[0.07210066363640455, 0.1118919211071473, 0.02213119121863689, 0.03434505838019213, 0.2277330500902866, 0.35341544985900025, 0.06990232023061137, 0.10848034547772091]
[0.1121808259871452, 0.07181175875640662, 0.03443373730242057, 0.022042512296408457, 0.35432796836007363, 0.22682053158921314, 0.1087604416712822, 0.06962222403705007]
[0.06920077024480964, 0.1073916207461442, 0.0206640624483343, 0.03206824360011517, 0.23255813814227674, 0.3609034304741429, 0.06944425434051874, 0.10776948000365832]
[0.10766890585303528, 0.06892348513791853, 0.03215104378780846, 0.020581262260641005, 0.3618352829371292, 0.2316262856792904, 0.10804774074294868, 0.06916599360122837]
[0.06875927556257264, 0.10670647187701304, 0.021105557130571315, 0.032753392469246335, 0.23107443816411857, 0.35860089908913456, 0.07092795431867695, 0.11007201138866672]
[0.10698198792989327, 0.06848375950969239, 0.032837961710950485, 0.021020987888867162, 0.35952680641732565, 0.23014853083592743, 0.11035621726275228, 0.07064374844459137]

