Action: 0
[0.27343893048428636, 0.0939102593144851, 0.23943621991350275, 0.08223231952207075, 0.12341432725138758, 0.04238559394148364, 0.1080674940759336, 0.03711485549685003]
[0.26596897857368007, 0.10138021122509137, 0.23289517235585075, 0.08877336707972273, 0.12004282821862397, 0.045757092974247265, 0.10511524809392506, 0.04006710147885859]
[0.23173974107242107, 0.07958902976631314, 0.28113540932536807, 0.09655354907024272, 0.10459375404669068, 0.03592182922820736, 0.1268880672806305, 0.04357862021012631]
[0.22540895006719947, 0.08591982077153475, 0.2734552008623314, 0.10423375753327938, 0.10173640556491165, 0.0387791777099864, 0.12342167074763738, 0.04704501674311946]
[0.26075027373741333, 0.08955244880322796, 0.22832542452723342, 0.07841641198444708, 0.13610298399826065, 0.046743404452740805, 0.11917828946220299, 0.0409307630344737]
[0.2536269573828395, 0.09667576515780181, 0.2220879076595129, 0.08465392885216762, 0.1323848494094646, 0.05046153904153685, 0.11592251279026297, 0.04418653970641373]
[0.22098609299506303, 0.07589578141380965, 0.2680896052695837, 0.0920730793738654, 0.11534740212404873, 0.03961507758071085, 0.1399338713364149, 0.04805908990650364]
[0.2149490759373155, 0.08193279847155722, 0.26076578910503695, 0.09939689553841222, 0.11219627969479566, 0.04276620000996394, 0.13611108250493192, 0.05188187873798664]

Action: 1
[0.0446986651292785, 0.06265333966151264, 0.0014831153320358141, 0.0020788569051555664, 0.35830433167067816, 0.502228935236139, 0.011888646927121466, 0.016664109138078923]
[0.058600573173988924, 0.04875143161680223, 0.0019443848779166545, 0.0016175873592747267, 0.4697419743049872, 0.39079129260183, 0.015586181873162021, 0.01296657419203837]
[0.04478872412071317, 0.0627795737797712, 0.0013930563406011525, 0.0019526227868970065, 0.3590262442075203, 0.5032408274536326, 0.011166734390279391, 0.015652216920585296]
[0.058718641767363675, 0.048849656133120714, 0.0018263162845419127, 0.0015193628429562467, 0.47068841170570336, 0.39157865995544966, 0.014639744472445919, 0.012179206838418773]
[0.09723062862009152, 0.13628647707527894, 0.0032261418911027242, 0.004522026846101396, 0.30577236817986514, 0.4285957978223726, 0.010145620368054553, 0.014220939197133093]
[0.12747070971192073, 0.10604639598344974, 0.0042295169981575636, 0.0035186517390465564, 0.4008718377670554, 0.33349632823518244, 0.01330104975292111, 0.011065509812266538]
[0.09742652915369264, 0.13656106743801313, 0.0030302413575016007, 0.004247436483367203, 0.3063884391745407, 0.4294593337953906, 0.009529549373378942, 0.013357403224115097]
[0.1277275380427202, 0.10626005854898563, 0.003972688667358115, 0.0033049891735106897, 0.40167951543034675, 0.3341682575395846, 0.012493372089629712, 0.010393580507864328]

