Action: 0
[0.34885133739908214, 0.025781161193465657, 0.39515903705382754, 0.029203439227996494, 0.08776134274190746, 0.006485826715337272, 0.09941107850410756, 0.007346777164275848]
[0.35019994433651214, 0.024432554256035726, 0.39668666261127034, 0.02767581367055374, 0.08810061492742442, 0.0061465545298203085, 0.09979538682044538, 0.006962468847938049]
[0.36649399926754445, 0.0270850068742758, 0.3775163751853653, 0.02789959354718635, 0.09219974824340739, 0.006813838207364981, 0.09497267300260763, 0.007018765672248139]
[0.3679108100890928, 0.025668196052727407, 0.3789757968586896, 0.026440171873862064, 0.09255617863876549, 0.006457407812006894, 0.09533982310910431, 0.0066516155657514635]
[0.35160844152946946, 0.025984919466381116, 0.3982821284581602, 0.02943424505926357, 0.0850042386115201, 0.006282068442421808, 0.09628798709977499, 0.007115971333008775]
[0.3529677070178604, 0.024625653977990256, 0.39982182741846134, 0.027894546098962417, 0.08533285224607613, 0.005953454807865776, 0.09666022201325439, 0.006743736419529375]
[0.3693905400309435, 0.027299069933002754, 0.3805000299566862, 0.028120094592641934, 0.0893032074800083, 0.006599775148638028, 0.09198901823128676, 0.006798264626792555]
[0.37081854844455847, 0.025871061519387797, 0.38197098599176327, 0.026649138557564876, 0.08964844028329984, 0.006254542345346501, 0.09234463397603067, 0.006442648882048651]

Action: 1
[0.5120798319327732, 0.15756302521008406, 0.03413865546218487, 0.01050420168067227, 0.2048319327731092, 0.06302521008403361, 0.013655462184873948, 0.004201680672268907]
[0.5022321428571429, 0.1674107142857143, 0.033482142857142856, 0.011160714285714286, 0.20089285714285715, 0.06696428571428571, 0.013392857142857142, 0.004464285714285714]
[0.504201680672269, 0.15513897866839046, 0.04201680672268908, 0.01292824822236587, 0.20168067226890757, 0.062055591467356175, 0.01680672268907563, 0.0051712992889463485]
[0.4945054945054946, 0.16483516483516486, 0.041208791208791215, 0.013736263736263738, 0.19780219780219782, 0.06593406593406594, 0.016483516483516484, 0.005494505494505495]
[0.4301470588235294, 0.1323529411764706, 0.02867647058823529, 0.008823529411764706, 0.2867647058823529, 0.08823529411764705, 0.01911764705882353, 0.0058823529411764705]
[0.421875, 0.140625, 0.028124999999999997, 0.009375, 0.28125, 0.09375, 0.018750000000000003, 0.00625]
[0.4235294117647059, 0.13031674208144797, 0.03529411764705882, 0.010859728506787332, 0.2823529411764706, 0.08687782805429865, 0.023529411764705882, 0.007239819004524887]
[0.4153846153846154, 0.13846153846153847, 0.03461538461538462, 0.011538461538461539, 0.27692307692307694, 0.09230769230769231, 0.023076923076923078, 0.007692307692307693]

