Action: 0
[0.2486816363816412, 0.09503357608265714, 0.24377166725205698, 0.09315723357651506, 0.11668057203965962, 0.04458942840186955, 0.11437683134101889, 0.043709054924581506]
[0.26403818224688314, 0.07967703021741522, 0.2588250135436092, 0.0781038872849629, 0.1238858107624734, 0.037384189679055775, 0.1214398098623355, 0.03664607640326491]
[0.14940277554894418, 0.05709420383297315, 0.34305052808475406, 0.13109660582619906, 0.07009927057344477, 0.026788404887109044, 0.16095813280723373, 0.061510078439342]
[0.15862867018472995, 0.0478683091971874, 0.3642345256057624, 0.10991260830519073, 0.07442802873727267, 0.022459646723281157, 0.17089759188753623, 0.05157061935903952]
[0.25012222824312524, 0.095584097618, 0.24518381607419507, 0.09369688561709734, 0.1152399801781756, 0.044038906866526686, 0.11296468251888085, 0.04316940288399924]
[0.2655677332905403, 0.08013859257058502, 0.2603243651382207, 0.07855633655307173, 0.12235625971881632, 0.03692262732588599, 0.11994045826772402, 0.03619362713515608]
[0.15026825329659993, 0.057424945767023575, 0.34503779102072035, 0.13185603746807376, 0.06923379282578902, 0.026457662953058618, 0.15897086987126743, 0.0607506467974673]
[0.15954759276619251, 0.048145606297431025, 0.36634450566256843, 0.11054932282622572, 0.0735091061558101, 0.02218234962303754, 0.1687876118307302, 0.05093390483800452]

Action: 1
[0.10701154353782849, 0.32080157453187913, 0.018056551639645816, 0.05413033029064657, 0.10701154353782849, 0.32080157453187913, 0.018056551639645816, 0.05413033029064657]
[0.17092620444543732, 0.2568869136242703, 0.028841167364777605, 0.043345714565514774, 0.17092620444543732, 0.2568869136242703, 0.028841167364777605, 0.043345714565514774]
[0.06253404758873715, 0.18746595241126285, 0.06253404758873715, 0.18746595241126285, 0.06253404758873715, 0.18746595241126285, 0.06253404758873715, 0.18746595241126285]
[0.09988368590510746, 0.15011631409489254, 0.09988368590510746, 0.15011631409489254, 0.09988368590510746, 0.15011631409489254, 0.09988368590510746, 0.15011631409489254]
[0.031190594462427234, 0.09350385466213612, 0.005262932959965943, 0.015777336952587408, 0.18283249261322973, 0.5480992944016221, 0.030850170319325684, 0.0924833236287057]
[0.04981976476187316, 0.07487468436269021, 0.008406318845216648, 0.012633951067336705, 0.2920326441290015, 0.43889914288585036, 0.04927601588433856, 0.07405747806369284]
[0.018226763711196588, 0.05464059580736177, 0.018226763711196588, 0.05464059580736177, 0.10684133146627771, 0.3202913090151639, 0.10684133146627771, 0.3202913090151639]
[0.0291130418035449, 0.04375431771501345, 0.0291130418035449, 0.04375431771501345, 0.17065433000667002, 0.2564783104747716, 0.17065433000667002, 0.2564783104747716]

