Action: 0
[0.19889307837029066, 0.08927710485594274, 0.22036772011650269, 0.09891642392440739, 0.12852755136673705, 0.057692141799338494, 0.14240477194542375, 0.06392120762135717]
[0.19495629386117194, 0.0932138893650613, 0.21600587789467707, 0.1032782661462331, 0.12598354492185979, 0.06023614824421582, 0.13958608712837062, 0.06673989243841033]
[0.23764148363387708, 0.10667009544195653, 0.18161931485291632, 0.08152343333839362, 0.15356732494107309, 0.06893174103166143, 0.11736499837108776, 0.05268160838903426]
[0.23293773366349327, 0.1113738454123403, 0.17802443809235585, 0.08511831009895406, 0.15052769444770195, 0.07197137152503254, 0.11504193760252841, 0.05500466915759359]
[0.18767166412333045, 0.08424015040500556, 0.2079347209676754, 0.09333562554882399, 0.13974896561369726, 0.06272909625027567, 0.15483777109425104, 0.06950200599694055]
[0.18395699035903929, 0.0879548241692967, 0.20381897096208995, 0.09745137555440943, 0.13698284842399258, 0.06549521343998037, 0.15177299406095765, 0.07256678303023395]
[0.22423391031876524, 0.10065184011339014, 0.1713724747722406, 0.07692393584043943, 0.16697489825618486, 0.0749499963602278, 0.12761183845176344, 0.05728110588698844]
[0.21979554277075786, 0.10509020766139753, 0.1679804185503714, 0.08031599206230863, 0.1636698853404374, 0.07825500927597533, 0.1250859571445129, 0.05980698719423902]

Action: 1
[0.015334646943116436, 0.019185244737138896, 8.582090924366823E-4, 0.0010737091982040495, 0.40534808336190536, 0.5071327831593326, 0.022685452885443103, 0.028381870622422853]
[0.013825378731474996, 0.020694512948780226, 7.737423481444258E-4, 0.001158175942496306, 0.3654528722665832, 0.5470279942546548, 0.02045270288906605, 0.030614620618799906]
[0.015548754651488974, 0.019453115839778216, 6.441013840640363E-4, 8.058380955647341E-4, 0.4110076951901922, 0.5142135485949939, 0.01702584105715639, 0.021301105186761593]
[0.014018413508771178, 0.02098345698249601, 5.807075708482443E-4, 8.692319087805261E-4, 0.3705554531926034, 0.5546657905925827, 0.015350121963045842, 0.022976824280872134]
[0.03226048766438989, 0.04036123906058392, 0.001805469923286959, 0.0022588314209185468, 0.38842224264063185, 0.4859567888358876, 0.021738192054592827, 0.02719674839970836]
[0.029085342602066324, 0.04353638412290748, 0.00162777177526962, 0.0024365295689358856, 0.3501929083959919, 0.5241861230805276, 0.019598673461940858, 0.029336266992360326]
[0.032710919885648636, 0.040924776808430235, 0.0013550377020282122, 0.0016952936730722317, 0.39384552995603245, 0.49274188762634186, 0.01631490473919221, 0.020411649609254092]
[0.029491442336534546, 0.04414425435754443, 0.0012216720408015126, 0.0018286593342989313, 0.3550824243648401, 0.5315049932175342, 0.014709157493092574, 0.02201739685535373]

