Action: 0
[0.20630086860420832, 0.11291795994428443, 0.32282648895086724, 0.17669779480300454, 0.045671777643862675, 0.024998265850581833, 0.07146872294173238, 0.03911812126145879]
[0.24214912839917063, 0.07706970014932207, 0.3789230430900007, 0.12060124066387108, 0.05360802028477972, 0.017062023209664785, 0.08388762047019942, 0.02669922373299174]
[0.2417542521150597, 0.13232322840608673, 0.28737310544001593, 0.15729252634120225, 0.05352060086688405, 0.029294288025879727, 0.06361989971871101, 0.0348220990861609]
[0.28376313600872977, 0.0903143445124166, 0.3373090354804416, 0.10735659630077657, 0.0628207090886262, 0.01999417980413757, 0.07467493166635294, 0.023767067138518963]
[0.20419117485557242, 0.1117632274615036, 0.3195251697162869, 0.17489083084974644, 0.04778147139249854, 0.026152998333362622, 0.07477004217631275, 0.0409250852147169]
[0.23967283973457246, 0.07628156258250356, 0.3750480638878785, 0.11936793667815482, 0.05608430894937786, 0.01785016077648329, 0.08776259967232163, 0.027932527718708012]
[0.23928200157222856, 0.13097005190394018, 0.2844343429996308, 0.1556840064073099, 0.05599285140971514, 0.030647464528026275, 0.06655866215909616, 0.036430619020053255]
[0.28086129018432143, 0.08939076329184724, 0.3338596134381295, 0.10625873596881112, 0.0657225549130345, 0.020917761024706917, 0.07812435370866502, 0.024864927470484393]

Action: 1
[0.1049118988624642, 0.09502162919899076, 0.037120798700251006, 0.033621341410374886, 0.2826807487181337, 0.2560318283972834, 0.10002044842747983, 0.09059130628502221]
[0.18144422244577435, 0.018489305615680587, 0.06420010055830719, 0.006542039552318696, 0.4888939120127023, 0.04981866510271474, 0.17298450118983466, 0.017627253522667356]
[0.10814513058426266, 0.09795005723350678, 0.033887566978452535, 0.030692913375858874, 0.29139255713841017, 0.2639223559574545, 0.09130864000720333, 0.0827007787248511]
[0.1870360687673991, 0.019059119050370343, 0.05860825423668247, 0.00597222611762894, 0.5039609093890998, 0.051354003706764934, 0.15791750381343725, 0.016091914918617157]
[0.2096630695229253, 0.18989768238822327, 0.07418472721421521, 0.06719117390886832, 0.17792957805767268, 0.16115577520805094, 0.06295651991351564, 0.05702147378652878]
[0.36261046685517945, 0.0369502850559691, 0.1283018446208971, 0.013074056502186397, 0.30772766760329734, 0.031357685662426235, 0.10888275712724475, 0.011095236572799656]
[0.21612457955773884, 0.19575005201693926, 0.06772321717940162, 0.06133880428015228, 0.18341310816493406, 0.16612236117402204, 0.05747298980625425, 0.052054887820557685]
[0.3737855926207448, 0.03808903895393327, 0.11712671885533169, 0.011935302604222214, 0.31721138553575406, 0.03232408380320201, 0.09939903919478806, 0.010128838432023881]

