Action: 0
[0.37175727758665666, 0.02760146840550583, 0.3780582483932101, 0.028069289903904233, 0.08977420325622049, 0.006665370079348157, 0.09129579992158014, 0.006778342453574396]
[0.3354613466334165, 0.063897399358746, 0.34114713216957604, 0.06498040612753829, 0.08100924160187765, 0.015430331733690983, 0.08238227959512981, 0.015691862780024726]
[0.3380986371691036, 0.025102451019515814, 0.4117168888107632, 0.03056830728989425, 0.0816461105238083, 0.0060618921966632605, 0.09942389265399235, 0.007381820336259292]
[0.3050889140784403, 0.058112174110179105, 0.3715195647245522, 0.07076563137610518, 0.0736747222851961, 0.014033280435275448, 0.08971679891181136, 0.01708891407844026]
[0.37087351139159774, 0.027535852353900526, 0.3771595031100993, 0.028002561715831042, 0.09065796945127944, 0.006730986130953462, 0.09219454520469095, 0.0068450706416475875]
[0.3346638655462185, 0.06374549819927972, 0.34033613445378147, 0.06482593037214886, 0.08180672268907563, 0.015582232893157265, 0.08319327731092435, 0.015846338535414166]
[0.337294886538947, 0.025042775798715326, 0.41073812796275005, 0.030495638271016243, 0.08244986115396484, 0.006121567417463746, 0.10040265350200554, 0.007454489355137303]
[0.30436363636363634, 0.057974025974025976, 0.37063636363636365, 0.0705974025974026, 0.07440000000000001, 0.014171428571428573, 0.09059999999999999, 0.017257142857142856]

Action: 1
[0.381475667189953, 0.21193092621664056, 0.03178963893249608, 0.017660910518053376, 0.21193092621664056, 0.11773940345368919, 0.01766091051805338, 0.0098116169544741]
[0.5021132713440407, 0.09129332206255285, 0.041842772612003386, 0.00760777683854607, 0.2789518174133559, 0.050718512256973804, 0.023245984784446325, 0.00422654268808115]
[0.38374635568513127, 0.21319241982507292, 0.02951895043731779, 0.016399416909620993, 0.21319241982507292, 0.11844023323615162, 0.016399416909620993, 0.009110787172011662]
[0.5051020408163266, 0.09183673469387757, 0.03885400313971743, 0.007064364207221351, 0.2806122448979592, 0.051020408163265314, 0.021585557299843013, 0.0039246467817896395]
[0.4108199492814878, 0.2282333051563821, 0.034234995773457316, 0.019019442096365174, 0.18258664412510567, 0.1014370245139476, 0.015215553677092142, 0.0084530853761623]
[0.540737369139736, 0.09831588529813383, 0.045061447428311335, 0.008192990441511153, 0.24032771961766045, 0.04369594902139281, 0.02002730996813837, 0.003641329085116068]
[0.41326530612244905, 0.2295918367346939, 0.031789638932496075, 0.017660910518053376, 0.18367346938775514, 0.10204081632653063, 0.014128728414442702, 0.007849293563579279]
[0.543956043956044, 0.09890109890109891, 0.04184277261200338, 0.0076077768385460695, 0.2417582417582418, 0.043956043956043966, 0.01859678782755706, 0.0033812341504649204]

