Action: 0
[0.16486745328396768, 0.0894184294135054, 0.19212201504643756, 0.10420036519652405, 0.13456040565065785, 0.07298093040717854, 0.15680484998177854, 0.08504555101995044]
[0.18787027829015204, 0.06641560440732099, 0.21892748212875393, 0.07739489811420766, 0.15333469616275774, 0.054206639895078616, 0.17868275524692037, 0.06316764575480854]
[0.08954295244348145, 0.048565013973700576, 0.2674465158869238, 0.1450537806363289, 0.07308256277361999, 0.039637465433976574, 0.2182826928588164, 0.11838901599315241]
[0.10203626646372531, 0.036071699953456694, 0.30476149395518065, 0.10773880256807196, 0.08327927151751942, 0.029440756690077122, 0.2487381798921587, 0.08793352895981005]
[0.15940199692926493, 0.08645415409092962, 0.18575305339210021, 0.10074605971183404, 0.14002586200536063, 0.07594520572975434, 0.163173811636116, 0.08849985650464053]
[0.18164226429534538, 0.06421388672484912, 0.21166990293658464, 0.07482921016734956, 0.15956271015756446, 0.0564083575775505, 0.18594033443908978, 0.06573333370166669]
[0.08657454910672255, 0.04695505422147699, 0.2585805012146426, 0.14024515958128664, 0.07605096611037891, 0.04124742518620017, 0.2271487075310977, 0.1231976370481947]
[0.09865370216831054, 0.03487590115988897, 0.2946584650636195, 0.1041671957323097, 0.08666183581293421, 0.03063655548364485, 0.25884120878372, 0.09150513579557233]

Action: 1
[0.026163679256457646, 0.03353703572159576, 8.321399448343746E-4, 0.0010666507100062807, 0.39857478232116694, 0.5108997317008853, 0.01267673380804219, 0.016249246537011406]
[0.02680824291388128, 0.03289247206417214, 8.526403936081594E-4, 0.0010461502612324962, 0.40839399837757656, 0.5010805156444759, 0.012989035523233135, 0.015936944821820464]
[0.026172843055260665, 0.03354878203008663, 8.229761460313511E-4, 0.0010549044015154112, 0.39871438268384335, 0.5110786737489029, 0.012537133445365804, 0.016070304488993825]
[0.026817632470369772, 0.03290399261497753, 8.432508371196638E-4, 0.0010346297104270987, 0.40853703790947155, 0.5012560185232748, 0.01284599599133814, 0.015761441943021492]
[0.07728255770904269, 0.09906205748584626, 0.0024579839356037576, 0.0031506843606908135, 0.3474559038685819, 0.44537470993663486, 0.011050889817272804, 0.014165212886326873]
[0.07918647678570308, 0.09715813840918588, 0.0025185383820901116, 0.00309012991420446, 0.35601576450575473, 0.4368148492994621, 0.011323137534751181, 0.0138929651688485]
[0.07730962583668967, 0.0990967538584365, 0.0024309158079567662, 0.0031159879881005634, 0.3475775999024143, 0.44553070192055305, 0.01092919378344039, 0.014009220902408673]
[0.07921421175883402, 0.09719216793629218, 0.002490803408959168, 0.0030561003870981625, 0.3561404586210073, 0.4369678432019602, 0.011198443419498638, 0.013739971266350428]

