Action: 0
[0.28090271924011756, 0.1121639092174923, 0.3693229280359279, 0.14746992654332455, 0.02782926023273586, 0.011112169461294272, 0.036589122034956616, 0.014609965234151085]
[0.2956999538518909, 0.09736667460571899, 0.38877791241072573, 0.1280149421685268, 0.029295234267625425, 0.009646195426404708, 0.0385165431167271, 0.012682544152380603]
[0.23291724256359825, 0.09300340174977201, 0.41730840471244723, 0.16663043401104483, 0.023075300137813372, 0.009213922445555474, 0.0413430821298791, 0.01650821224988988]
[0.24518672536769587, 0.08073391894567443, 0.4392911408949208, 0.14464769782857134, 0.024290847750880213, 0.007998374832488634, 0.04352092963347231, 0.014330364746296675]
[0.27887151252389347, 0.1113528523279868, 0.3666523550563873, 0.14640357194894332, 0.029860466948959913, 0.011923226350799732, 0.03925969501449711, 0.01567631982853227]
[0.29356174837678584, 0.09666261647509447, 0.38596666049780554, 0.12708926650752514, 0.03143343974273043, 0.010350253557029216, 0.041327795029647174, 0.01360821981338221]
[0.23123301868460058, 0.09233089443201854, 0.4142908488956802, 0.1654255298449116, 0.024759524016810985, 0.00988642976330892, 0.044360637946646034, 0.01771311641602308]
[0.24341378089552027, 0.0801501322210989, 0.43611462797907113, 0.1436017507615207, 0.026063792223055764, 0.008582161557064144, 0.04669744254932184, 0.01537631181334728]

Action: 1
[0.05577460741168881, 0.05188425969764685, 0.001686500260830102, 0.0015688647858545033, 0.447087886675022, 0.4159029547029592, 0.013518944775815372, 0.012575981690183133]
[0.05820134737089879, 0.04945751973843689, 0.001759879487759752, 0.0014954855589248536, 0.4665405747390466, 0.39645026663893473, 0.014107150861277637, 0.011987775604720871]
[0.05581579528432996, 0.051922574665329776, 0.0016453123881889535, 0.0015305498181715736, 0.44741804765311455, 0.41621008654528563, 0.013188783797722823, 0.012268849847856745]
[0.0582443273181239, 0.04949404263153585, 0.0017168995405346386, 0.0014589626658258893, 0.4668851009431029, 0.39674303325529736, 0.013762624657221325, 0.011695008988358246]
[0.14347635204913756, 0.13346869938932762, 0.004338406245834215, 0.0040357970549440726, 0.35938614203757324, 0.33431851501127846, 0.010867038790811257, 0.010109049421093563]
[0.1497189741468478, 0.12722607729161747, 0.004527169274112306, 0.003847034026665983, 0.37502294796309765, 0.31868170908575416, 0.011339861074925081, 0.00963622713697974]
[0.14358230502647715, 0.1335672620157115, 0.004232453268494602, 0.003937234428560165, 0.3596515379109673, 0.33456539919490386, 0.010601642917417175, 0.009862165237468155]
[0.14982953711313823, 0.12732002992905048, 0.0044166063078218175, 0.0037530813892329516, 0.37529989114808854, 0.3189170459577827, 0.011062917889934147, 0.009400890264951185]

