Action: 0
[0.12843879900403266, 0.062423202891430586, 0.33051356074730337, 0.16063459967614852, 0.05988507958353204, 0.029105056275829218, 0.15410320745966624, 0.07489649436205748]
[0.13046262909024894, 0.06039937280521429, 0.3357215142109749, 0.15542664621247693, 0.06082869807511264, 0.02816143778424862, 0.15653143561235638, 0.07246826620936733]
[0.1642590129694316, 0.0798323697577943, 0.29469334678190434, 0.14322543280978475, 0.07658639087459848, 0.0372221466827743, 0.13740189616859977, 0.06677940395511238]
[0.16684726772545194, 0.07724411500177396, 0.2993368755757719, 0.13858190401591725, 0.07779317451979487, 0.03601536303757791, 0.13956695916767412, 0.06461434095603803]
[0.12926911353052917, 0.06282674833527709, 0.3326502220429603, 0.16167304944836158, 0.05905476505703552, 0.02870151083198271, 0.1519665461640093, 0.07385804458984438]
[0.13130602701158234, 0.06078983485422391, 0.3378918432102209, 0.15643142828110093, 0.05998530015377922, 0.027770975735239005, 0.15436110661311034, 0.07146348414074331]
[0.16532089337966666, 0.0803484597306728, 0.29659844219382275, 0.14415133805296584, 0.07552451046436341, 0.036706056709895796, 0.13549680075668136, 0.06585349871193129]
[0.16792588035008685, 0.07774347276025259, 0.3012719898717164, 0.13947779037507224, 0.07671456189515993, 0.035516005279099275, 0.1376318448717296, 0.06371845459688304]

Action: 1
[0.02585915248295037, 0.03439941642410397, 0.0016547737770736181, 0.0022012806600206175, 0.3774677507126902, 0.5021305455388314, 0.024154841732812096, 0.032132238671517606]
[0.02144007147859152, 0.038818497428462814, 0.001371988818456024, 0.002484065618638211, 0.31296213445042836, 0.5666361618010932, 0.020027011080390584, 0.03626006932393911]
[0.025093880148672823, 0.033381404649664874, 0.0024200461113511704, 0.0032192924344597194, 0.3662970200828734, 0.48727056066694063, 0.035325572362628926, 0.0469922235434085]
[0.020805576842376466, 0.03766970795596123, 0.002006483454671082, 0.0036328550911398074, 0.30370037448635867, 0.5498672062634553, 0.029288771044460333, 0.05302902486157709]
[0.020256703258830777, 0.026946697933718247, 0.0012962629531178826, 0.0017243677707086743, 0.38307019993680974, 0.5095832640292172, 0.024513352556767832, 0.03260915156082955]
[0.0167950270634855, 0.030408374129063526, 0.0010747440538981903, 0.0019458866699283664, 0.3176071788655344, 0.5750462851004925, 0.02032425584494842, 0.03679824827264896]
[0.019657229065008153, 0.026149240923384873, 0.0018957371469405125, 0.0025218247810420563, 0.3717336711665381, 0.4945027243932207, 0.03584988132703959, 0.047689691196826166]
[0.016297997256588218, 0.029508472731804805, 0.001571773860795473, 0.002845788067187096, 0.30820795407214696, 0.5580284414876118, 0.029723480638335943, 0.053816091885529806]

