Action: 0
[0.3091058582631514, 0.03937882190428345, 0.38493207053643363, 0.04903877117073812, 0.0859400576025782, 0.010948411789383486, 0.1070218613806337, 0.013634147352797953]
[0.3218142394261003, 0.02667044074133456, 0.40075792224208306, 0.03321291946508869, 0.08947334233330484, 0.007415127058656841, 0.11142188994960213, 0.009234118783829523]
[0.3574117154664454, 0.04553279051047802, 0.3366262133331398, 0.04288480256454357, 0.09937043441238547, 0.01265938685621827, 0.09359148457082647, 0.011923172285963174]
[0.37210611284141903, 0.030838393135504388, 0.35046604882676446, 0.029044967070918876, 0.10345588709172393, 0.008573934176879806, 0.09743934519118308, 0.008075311665606563]
[0.33578776451789705, 0.04277798761526755, 0.4181592680997826, 0.05327178022005752, 0.059258151347832556, 0.007549246078399387, 0.07379466381728478, 0.009401138303478558]
[0.34959312856154795, 0.028972623571616653, 0.4353512016195533, 0.0360798467002868, 0.06169445319785719, 0.005112944228374747, 0.07682861057213192, 0.00636719154863142]
[0.3882633659010511, 0.049463164573085604, 0.36568366671662866, 0.046586603262239484, 0.06851878397777977, 0.008729012793610685, 0.0645340311873376, 0.008221371588267263]
[0.4042261783602036, 0.03350035211393314, 0.38071815182089785, 0.03155211815797033, 0.0713358215729394, 0.005911975198451058, 0.06718724219704975, 0.005568160578555112]

Action: 1
[0.2855042993434992, 0.09773751922421839, 0.06323237298780432, 0.021646522608238936, 0.3243903084042416, 0.11104948008388585, 0.07184469383407528, 0.024594803514036482]
[0.34491763671094583, 0.038324181856771763, 0.07639100603643895, 0.008487889559604327, 0.39189580963931475, 0.04354397884881275, 0.0867955476133006, 0.009643949734811178]
[0.2937210048576878, 0.10055036797990925, 0.055015667473615665, 0.018833673852548066, 0.3337261385193869, 0.11424544202719526, 0.06250886371893001, 0.021398841570727047]
[0.35484423555383743, 0.03942713728375971, 0.06646440719354736, 0.007384934132616374, 0.4031744224919239, 0.04479715805465822, 0.07551693476069135, 0.008390770528965707]
[0.5489051469729668, 0.1879082993772938, 0.12156936013969163, 0.041617193510047876, 0.060989460774774074, 0.020878699930810422, 0.01350770668218796, 0.004624132612227542]
[0.6631321017152345, 0.07368134463502606, 0.14686789828476557, 0.01631865536497395, 0.07368134463502606, 0.008186816070558451, 0.01631865536497395, 0.0018131839294415503]
[0.5647024290393672, 0.19331622900639406, 0.10577207807329111, 0.036209263880947605, 0.06274471433770747, 0.02147958100071045, 0.011752453119254568, 0.004023251542327511]
[0.6822167922411851, 0.07580186580457614, 0.12778320775881485, 0.014198134195423873, 0.07580186580457614, 0.008422429533841792, 0.014198134195423871, 0.0015775704661582079]

