Action: 0
[0.17565757910062824, 0.06863160393810941, 0.35532682772557106, 0.13883061712398956, 0.06221686228310199, 0.02430890299381612, 0.12585463388077797, 0.04917297295400576]
[0.17497242800468815, 0.06931675503404947, 0.353940878046203, 0.14021656680335756, 0.06197418586915232, 0.024551579407765776, 0.12536373880654292, 0.04966386802824079]
[0.17542636141271284, 0.06854126430766623, 0.35555804541348646, 0.13892095675443272, 0.06213496636309613, 0.024276905237870905, 0.12593652980078385, 0.049204970709950974]
[0.17474211217966468, 0.06922551354071435, 0.3541711938712264, 0.14030780829669265, 0.06189260938358039, 0.024519262217386633, 0.12544531529211486, 0.04969618521861993]
[0.15456770399047695, 0.06039152706197924, 0.31266542672945696, 0.12216227641474602, 0.08330673739325326, 0.03254897986994629, 0.16851603487689204, 0.06584131366324929]
[0.15396481379736238, 0.06099441725509379, 0.3114458775310501, 0.1233818256131528, 0.08298180007647808, 0.03287391718672144, 0.16785873932169576, 0.06649860921844553]
[0.15436424685913055, 0.06031203382674029, 0.3128688838608034, 0.12224176964998497, 0.0831970809166784, 0.03250613571879684, 0.16862569135346686, 0.06588415781439873]
[0.1537621502490611, 0.06091413043680973, 0.3116485410793514, 0.12346211243143687, 0.08287257131418398, 0.03283064532129125, 0.16796796808398987, 0.06654188108387571]

Action: 1
[0.07510500588992199, 0.0987467714418325, 0.03424598696262473, 0.04502603531320743, 0.22160753558723642, 0.29136578057784274, 0.10104744263868372, 0.13285544158865048]
[0.09062441878066145, 0.08322735855109302, 0.041322447515771035, 0.037949574760061125, 0.2673996742566384, 0.24557364190844072, 0.12192750203394534, 0.11197538219338884]
[0.07927689724430481, 0.10423190252157956, 0.03007409560824192, 0.039540904233460385, 0.23391726848490113, 0.30755040591077026, 0.08873770974101904, 0.11667081625572298]
[0.09565837390425384, 0.08785042586163051, 0.036288492392178656, 0.033326507449523646, 0.2822530435624218, 0.2592146308332495, 0.10707413272816192, 0.09833439326858008]
[0.07417907670848811, 0.09752937566152482, 0.033823786627241316, 0.044470933565637166, 0.22253346476867034, 0.29258317635815045, 0.10146964297406715, 0.13341054333622077]
[0.08950715911327677, 0.08220129325673615, 0.04081300530816106, 0.03748171488471742, 0.26851693392402315, 0.2465997072027976, 0.12243694424155532, 0.11244324206873257]
[0.07829953506048948, 0.10294688351335853, 0.02970332827523995, 0.039053425713803464, 0.23489463066871644, 0.3088354249189913, 0.08910847707402102, 0.1171582947753799]
[0.09447905331440822, 0.08676736525943977, 0.035841111107029616, 0.03291564288201379, 0.28343236415226747, 0.26029769143544024, 0.10752151401331098, 0.09874525783608992]

