Action: 0
[0.14168848105244863, 0.06789103307606494, 0.17400877382252997, 0.08337752886727501, 0.16173518712490548, 0.07749655340433723, 0.19862829629138629, 0.0951741463610523]
[0.1590052187488278, 0.05057429537968574, 0.1952755999665544, 0.062110702723250574, 0.1815019726173694, 0.05772976791187329, 0.2229040460235285, 0.07089839662891004]
[0.1784798314724928, 0.08551986761312023, 0.13721742340248588, 0.06574869433021972, 0.20373193873494735, 0.09761959256366882, 0.15663154468134446, 0.07505110720172073]
[0.20029309676227341, 0.06370660232333959, 0.15398772195310884, 0.04897839577959674, 0.2286314402134192, 0.07272009108519695, 0.1757745784274788, 0.0559080734555864]
[0.22096684123517688, 0.1058778174173371, 0.27137117155301943, 0.13002940709750901, 0.0824568269421772, 0.03950976906306505, 0.10126589856089678, 0.04852226813081829]
[0.2479727403798688, 0.07887191827264514, 0.30453733552935025, 0.09686324312117817, 0.09253445098632837, 0.029432145018913874, 0.11364231046073262, 0.03614585623098243]
[0.2783439012947332, 0.13337043963599685, 0.21399411149346323, 0.10253678487884928, 0.10386786891270688, 0.04976902054079218, 0.07985485659036712, 0.038263016653091175]
[0.31236225121496086, 0.09935208971576912, 0.24014782469425824, 0.07638307167805422, 0.11656228576073165, 0.0370746036927674, 0.08961447568632935, 0.028503397557128912]

Action: 1
[0.04489838839884108, 0.11542062675382839, 0.02138395720459839, 0.0549719005748433, 0.1448065339809839, 0.3722552524973507, 0.06896765866267729, 0.17729568192687703]
[0.11390913431172682, 0.046409880840942636, 0.05425201527718287, 0.022103842502258823, 0.36738037859909667, 0.14968140787923784, 0.17497390382891823, 0.07128943676063608]
[0.04421942534371873, 0.11367521129105557, 0.022062920259720745, 0.05671731603761611, 0.14261673852908419, 0.36662592876136846, 0.071157454114577, 0.18292500566285927]
[0.11218657596171198, 0.0457080606730623, 0.055974573627197696, 0.022805662670139153, 0.36182477375132693, 0.14741789353912568, 0.180529508676688, 0.07355295110074826]
[0.08050397642859598, 0.20695218129040496, 0.0383419906179423, 0.09856604537339111, 0.10920094595122898, 0.28072369796077407, 0.05200962524933338, 0.1337015371283292]
[0.2042420360876412, 0.08321412163135977, 0.09727527233897092, 0.039632763652362485, 0.2770474768231823, 0.1128771670888207, 0.13195064676713017, 0.05376051561053241]
[0.0792865780378139, 0.20382260603650126, 0.03955938900872437, 0.1016956206272948, 0.107549585834989, 0.2764785340159227, 0.05366098536557335, 0.13794670107318058]
[0.20115344423052106, 0.08195573984379409, 0.100363864196091, 0.04089114543992816, 0.2728579054825178, 0.11117021436839386, 0.13614021810779467, 0.055467468330959245]

