Action: 0
[0.12020583810105286, 0.05401458423898451, 0.23105735575700576, 0.10382579751311169, 0.11590689781322064, 0.052082852170195384, 0.22279401521418837, 0.10011265919224076]
[0.12993539553082495, 0.04428502680921224, 0.24975932437952167, 0.08512382889059585, 0.125288495550865, 0.042701254432551065, 0.2408271423923684, 0.08207953201406075]
[0.177208564460714, 0.07962880242876419, 0.17405462939734462, 0.078211579323332, 0.17087102670760881, 0.07678102504756021, 0.16782988631980023, 0.07541448631487593]
[0.191551968510013, 0.06528539837946522, 0.18814275140033376, 0.06412345732034286, 0.18470146534269594, 0.06295058641247306, 0.1814141726005374, 0.061830200034138735]
[0.1749334736544777, 0.07860648865477358, 0.3362537668263004, 0.15109588436666765, 0.061179262259795815, 0.027490947754406303, 0.11759760414489372, 0.052842572338684765]
[0.1890927300200459, 0.06444723228920536, 0.36347041775604494, 0.1238792334369231, 0.06613116106164418, 0.02253904895255793, 0.12711604901584503, 0.04332412746773346]
[0.25788855376870906, 0.11588241662688281, 0.25329868671206895, 0.11381995639455848, 0.09019103739961361, 0.04052741084944161, 0.08858582900507597, 0.039806109243649475]
[0.27876226118601644, 0.09500870920957565, 0.27380088659007457, 0.09331775651655286, 0.09749117266669256, 0.03322727558236265, 0.09575603741079669, 0.032635900837928764]

Action: 1
[0.028155692742316985, 0.04417709583832761, 9.251867934212908E-4, 0.0014516448242063013, 0.3487126766536787, 0.54714027026641, 0.011458583743303882, 0.01797884913833527]
[0.033351849393550285, 0.038980939187094304, 0.0010959307901777223, 0.0012809008274498697, 0.41306789287040013, 0.4827850540496885, 0.013573274959620322, 0.015864157922018826]
[0.02818333112237233, 0.04422046125560559, 8.975484133659446E-4, 0.0014082794069283221, 0.3490549823314569, 0.547677357770227, 0.011116278065525757, 0.017441761634518327]
[0.03338458845976791, 0.03901920391821022, 0.0010631917239603177, 0.0012426360963339485, 0.41347337134739215, 0.48325896875429136, 0.013167796482628186, 0.015390243217415887]
[0.04730484885724612, 0.0742226753470457, 0.0015544217586142327, 0.002438932674537765, 0.3295635205387496, 0.5170946907576919, 0.01082934877811094, 0.016991561288003807]
[0.05603499829007227, 0.06549252591421956, 0.0018412915946280934, 0.0021520628385239046, 0.3903847439738782, 0.45627346732256335, 0.012827914155169953, 0.014992995910944792]
[0.047351284560432076, 0.0742955343077092, 0.0015079860554282742, 0.00236607371387426, 0.3298870288933971, 0.5176022847181233, 0.010505840423463428, 0.016483967327572388]
[0.05609000374113027, 0.06555681512701102, 0.0017862861435700903, 0.0020877736257324435, 0.3907679560660297, 0.45672135754549076, 0.012444702063018419, 0.014545105688017397]

