Action: 0
[0.23913490492004633, 0.0739095766175635, 0.15245713769132546, 0.04712002416735804, 0.22735906387864876, 0.07027000996385221, 0.1449496137701323, 0.044799668991073176]
[0.20970948765762268, 0.10333499387998718, 0.1336973715555456, 0.06587979030313794, 0.19938265731742305, 0.09824641652507796, 0.12711364428404098, 0.0626356384771645]
[0.19856427874981553, 0.0613703874751263, 0.19302776386155623, 0.05965921330979524, 0.18878627756743122, 0.05834829445278944, 0.18352240008134982, 0.056721384502135944]
[0.174131054509385, 0.08580361171555684, 0.1692758047037832, 0.08341117246756827, 0.16555623094291724, 0.08157834107730344, 0.1609400706585468, 0.07930371392493901]
[0.33505449478435273, 0.1035555050468387, 0.2136093401442772, 0.06602037413525731, 0.13143947401434242, 0.04062408153457704, 0.08379741131718063, 0.025899319023173936]
[0.2938262252518205, 0.14478377457937092, 0.18732482945355275, 0.09230488482598181, 0.11526591972322524, 0.05679763582569424, 0.07348618638603391, 0.03621054395432066]
[0.27821055282993, 0.08598671188161915, 0.2704532820986999, 0.08358916730047684, 0.1091400034873168, 0.033731970046296605, 0.10609688184420624, 0.032791430511454354]
[0.24397689879031018, 0.12022036592123901, 0.23717415591506305, 0.1168682934841137, 0.09571038666199214, 0.04716158687162129, 0.093041719447267, 0.04584659290839361]

Action: 1
[0.14438335274860417, 0.09691605589437591, 0.05506920505166488, 0.03696471963868839, 0.28876670549720834, 0.19383211178875182, 0.11013841010332975, 0.07392943927737677]
[0.10792666196190934, 0.13337274668107071, 0.04116427112252083, 0.05086965356783243, 0.21585332392381867, 0.26674549336214143, 0.08232854224504166, 0.10173930713566486]
[0.09972627890013452, 0.06694038776653213, 0.09972627890013452, 0.06694038776653213, 0.19945255780026905, 0.13388077553306427, 0.19945255780026905, 0.13388077553306427]
[0.07454546654221508, 0.09212120012445157, 0.07454546654221508, 0.09212120012445157, 0.14909093308443017, 0.18424240024890315, 0.14909093308443017, 0.18424240024890315]
[0.11927588501689976, 0.08006288896252803, 0.045492974395401384, 0.03053675901946221, 0.31387417322891276, 0.2106852787205997, 0.11971464075959325, 0.08035739989660294]
[0.08915881143749765, 0.11017996254193012, 0.03400603169094747, 0.04202370172391611, 0.23462117444823039, 0.2899382775012821, 0.08948678167661502, 0.11058525897958116]
[0.08238442970615056, 0.05529982399099511, 0.08238442970615056, 0.05529982399099511, 0.21679440699425298, 0.1455213393086013, 0.21679440699425298, 0.1455213393086013]
[0.06158242156422256, 0.07610183213292311, 0.06158242156422256, 0.07610183213292311, 0.16205397806242267, 0.2002617682404316, 0.16205397806242267, 0.2002617682404316]

