Action: 0
[0.07507945918918633, 0.03412952207086416, 0.1963099893820813, 0.08923833745877403, 0.1151119765321122, 0.0523274512909568, 0.30098286714915634, 0.1368203969268688]
[0.08290416293222057, 0.026304818327829837, 0.21676921385308343, 0.06877911298777196, 0.12710882791285086, 0.04033059991021817, 0.3323509909023762, 0.10545227317364902]
[0.11111075274171478, 0.050508580229023194, 0.1602786958295528, 0.07285927930061502, 0.17035522765075775, 0.07743985591775603, 0.24573961603051087, 0.11170799230006961]
[0.12269060070890259, 0.038928732261835394, 0.17698277607640142, 0.0561551990537664, 0.1881094736434665, 0.059685609925047275, 0.27135034517176054, 0.08609726315881992]
[0.14701065657905682, 0.06682791142280649, 0.38438823006658174, 0.17473469739280373, 0.04318077914224164, 0.019629061939014487, 0.112904626464656, 0.05132403699283915]
[0.16233195546989615, 0.051506612531967345, 0.4244487746557671, 0.13467415280361827, 0.04768103537517547, 0.01512880570608065, 0.12467143009969243, 0.0395572333578027]
[0.21756236512563207, 0.09889921454594257, 0.31383652152000646, 0.14266339426966765, 0.06390361526684045, 0.029049221600836662, 0.09218179034005719, 0.04190387733101697]
[0.2402364902608745, 0.07622508941070015, 0.34654423986478866, 0.1099556759248855, 0.07056358409149459, 0.022389252776182533, 0.10178888138337336, 0.03229678628770082]

Action: 1
[0.067725908734857, 0.0963078311879628, 0.03386295436742861, 0.0481539155939814, 0.20752603543517814, 0.29510689130866863, 0.10376301771758907, 0.14755344565433431]
[0.10935582661521333, 0.054677913307606664, 0.054677913307606664, 0.027338956653803332, 0.33508861782923116, 0.16754430891461558, 0.16754430891461558, 0.08377215445730779]
[0.07787667836770237, 0.11074246376048669, 0.02371218473458344, 0.033719283021457484, 0.2386300695909569, 0.3393375576326424, 0.07265898356181026, 0.10332277933036048]
[0.12574609475212603, 0.06287304737606302, 0.03828764517069395, 0.019143822585346974, 0.38531175148239954, 0.19265587574119977, 0.11732117526144717, 0.058660587630723585]
[0.09175064805667822, 0.1304715741655438, 0.04587532402833922, 0.0652357870827719, 0.1835012961133569, 0.2609431483310876, 0.09175064805667844, 0.1304715741655438]
[0.14814814814814795, 0.07407407407407408, 0.07407407407407408, 0.03703703703703704, 0.29629629629629634, 0.14814814814814817, 0.14814814814814817, 0.07407407407407408]
[0.10550224931955308, 0.1500266737977097, 0.03212372276546457, 0.045680687450605995, 0.21100449863910617, 0.3000533475954194, 0.06424744553092913, 0.09136137490121199]
[0.17035261541150853, 0.08517630770575427, 0.0518696068107137, 0.02593480340535685, 0.34070523082301707, 0.17035261541150853, 0.1037392136214274, 0.0518696068107137]

